# distance [deg], low_sys_1 [cm-2 s-1], low_sys_2, mid_sys_1, mid_sys_2, high_sys_1, high_sys_2
-1.500000000000000000e+00,0.000000000000000000e+00,1.260874398951244928e-18,0.000000000000000000e+00,7.730761848768794788e-21,0.000000000000000000e+00,1.490250543091641962e-153
-1.493987975951903913e+00,0.000000000000000000e+00,1.449036012671549856e-18,0.000000000000000000e+00,8.838740625687690385e-21,0.000000000000000000e+00,1.528184236568162888e-153
-1.487975951903807603e+00,0.000000000000000000e+00,1.649936761948710451e-18,0.000000000000000000e+00,1.001576312183382095e-20,0.000000000000000000e+00,1.565089671700360606e-153
-1.481963927855711516e+00,0.000000000000000000e+00,1.870357603743088042e-18,0.000000000000000000e+00,1.129596868794391957e-20,0.000000000000000000e+00,1.600664804788381929e-153
-1.475951903807615206e+00,0.000000000000000000e+00,2.111820934642293870e-18,0.000000000000000000e+00,1.268672068480947662e-20,0.000000000000000000e+00,1.634649461116086849e-153
-1.469939879759519119e+00,0.000000000000000000e+00,2.376011913974144192e-18,0.000000000000000000e+00,1.419766524885559244e-20,0.000000000000000000e+00,1.666828756204849073e-153
-1.463927855711422810e+00,0.000000000000000000e+00,2.667454893806021178e-18,0.000000000000000000e+00,1.585482899188152373e-20,0.000000000000000000e+00,1.697034085304322660e-153
-1.457915831663326722e+00,0.000000000000000000e+00,2.989756336620719021e-18,0.000000000000000000e+00,1.767781301799148758e-20,0.000000000000000000e+00,1.725145241706746746e-153
-1.451903807615230413e+00,0.000000000000000000e+00,3.341284949580521941e-18,0.000000000000000000e+00,1.966233216665354342e-20,0.000000000000000000e+00,1.751087745818511892e-153
-1.445891783567134325e+00,-2.618530533904983562e-21,3.723588302604157865e-18,-1.580595455570386947e-23,2.182170791991990440e-20,-4.753855042915345545e-154,1.300923159937303029e-153
-1.439879759519038016e+00,-3.551095203074995429e-21,4.139541575462438014e-18,-2.153424454185798132e-23,2.417363559674373975e-20,-5.075571579536772850e-154,1.291068397200307928e-153
-1.433867735470941929e+00,-4.789134643009298944e-21,4.590804828064552611e-18,-2.919702943472051260e-23,2.673590741031382648e-20,-5.393286693184509819e-154,1.279928291761624593e-153
-1.427855711422845619e+00,-6.402538048371303118e-21,5.081841806945296693e-18,-3.930287882290290402e-23,2.955949382490193799e-20,-5.704528182765165550e-154,1.267918914569987563e-153
-1.421843687374749532e+00,-8.506410100121627134e-21,5.615576500971637346e-18,-5.265703252791604656e-23,3.271254112766376338e-20,-6.006725138136867392e-154,1.255488873428765748e-153
-1.415831663326653223e+00,-1.125910356026551404e-20,6.187645512442123975e-18,-6.991245906080634039e-23,3.616733068247663567e-20,-6.298021059587918743e-154,1.243100201704182304e-153
-1.409819639278557135e+00,-1.366387177711917372e-20,6.798658984444241369e-18,-8.942283010939432648e-23,3.997525303831381716e-20,-3.886777156592076826e-154,1.231392051781287028e-153
-1.403807615230460826e+00,-1.785178864973556002e-20,7.448977580168889678e-18,-1.163898132868997396e-22,4.416528404995601941e-20,-4.016465688259770640e-154,1.221053702820138066e-153
-1.397795591182364738e+00,-2.299982664295205052e-20,8.138610150518161771e-18,-1.525020398317984593e-22,4.879406569365574890e-20,-4.137789659062490360e-154,5.596901747583171636e-152
-1.391783567134268651e+00,-2.929731770906037703e-20,8.870477578340007830e-18,-1.959676709396509904e-22,5.396549295224987493e-20,-4.250613036890384158e-154,1.912887681695666821e-151
-1.385771543086172342e+00,-3.691868313190875551e-20,9.647423133427392253e-18,-2.477326772446576702e-22,5.978953998684672078e-20,-4.355053308921850732e-154,3.149839179609123713e-151
-1.379759519038076254e+00,-4.611961775141580882e-20,1.046401777390032313e-17,-3.100710104608764595e-22,6.625220726885102273e-20,-4.451282219370447178e-154,4.427191361193955253e-151
-1.373747494989979945e+00,-5.711309422164253003e-20,1.132051216431163407e-17,-3.848365256033435991e-22,7.343687331541640039e-20,-4.539275296104387667e-154,6.172575894626511600e-151
-1.367735470941883857e+00,-7.009510559100145270e-20,1.221772402769410370e-17,-4.727285658440189902e-22,8.141481922988073697e-20,-4.619258228951049129e-154,3.718945940552884906e-69
-1.361723446893787548e+00,-7.762719216584959806e-20,1.315735732915106638e-17,-5.674444986788922212e-22,9.024573514487927560e-20,-9.545610442395871690e-155,3.504262179993321350e-68
-1.355711422845691461e+00,-9.329111367934164829e-20,1.414697354904119615e-17,-6.839843248005776441e-22,1.000798829830241721e-19,-8.330097749927578566e-155,1.997249214164470592e-67
-1.349699398797595151e+00,-1.113926619478972165e-19,1.519674136515615588e-17,-8.193196056312092919e-22,1.111412067703123200e-19,-7.176336296553013315e-155,6.431320275180244256e-67
-1.343687374749499064e+00,-1.324713936983243242e-19,1.630615575755949534e-17,-9.772702790880091235e-22,1.233910652715718241e-19,-6.101193221191056424e-155,1.021184803302356753e-66
-1.337675350701402754e+00,-1.569973069009822787e-19,1.748295257416516572e-17,-1.161831560879127787e-21,1.369204510291685368e-19,-5.118327580133249424e-155,1.450068774374126546e-66
-1.331663326653306667e+00,-1.854763922962160691e-19,1.873705271276030777e-17,-1.378708061186167433e-21,1.518561704855138214e-19,-4.283659772232034380e-155,1.395188069255639558e-60
-1.325651302605210358e+00,-2.188352751767201344e-19,2.008039094799405172e-17,-1.634969525137904930e-21,1.683627336946739118e-19,-3.559722500741713999e-155,5.800805510309069576e-60
-1.319639278557114270e+00,-2.584624418927669958e-19,2.153663509104384196e-17,-1.938234131266843176e-21,1.867876747433346656e-19,-2.935253584141029540e-155,1.178781699058094533e-59
-1.313627254509017961e+00,-3.055141056917893225e-19,2.314024467581434841e-17,-2.300913900118015614e-21,2.076612525255934673e-19,-2.406573859784540361e-155,1.711457948733657690e-59
-1.307615230460921874e+00,-3.611722428273395353e-19,2.489356971125593050e-17,-2.739125922628063958e-21,2.309801323825605973e-19,-1.961833974643270657e-155,2.573795117092511194e-59
-1.301603206412825564e+00,-4.274404544521529812e-19,2.681843298455746520e-17,-3.266075337199444574e-21,2.570352962321221199e-19,-7.060871241783340449e-70,4.891283225568758769e-59
-1.295591182364729477e+00,-5.059596953320184714e-19,2.893786222597350881e-17,-3.895032215229050595e-21,2.861741669615684749e-19,-2.992455265456964888e-69,8.403552822055328607e-59
-1.289579158316633389e+00,-5.987306376796588992e-19,3.127572914565765992e-17,-4.649658113723704369e-21,3.188099092633029789e-19,-4.973833600102043103e-69,1.217652465714378478e-58
-1.283567134268537080e+00,-7.082094941575345490e-19,3.387548742536053924e-17,-5.543683819284066896e-21,3.556737334688645051e-19,-6.977217691665512670e-69,1.681150367489587952e-58
-1.277555110220440771e+00,-8.368571631252223884e-19,3.680367233871603787e-17,-6.596323321929959143e-21,3.978434577527342095e-19,-1.065624240801846757e-68,2.341194971229980858e-58
-1.271543086172344683e+00,-9.870218458381220404e-19,4.004288054079874821e-17,-7.830488005210294771e-21,4.449848997500865312e-19,-2.153653627322467759e-68,3.228358433654397003e-58
-1.265531062124248596e+00,-1.161411461732265051e-18,4.361621816153946132e-17,-9.261214515367616618e-21,4.975253738799031094e-19,-4.142805206696737094e-68,4.392011365272446369e-58
-1.259519038076152286e+00,-1.362028572643540384e-18,4.754802762046311050e-17,-1.091080111195747651e-20,5.558220977794047356e-19,-5.745440408187125629e-68,5.902169098425939973e-58
-1.253507014028056199e+00,-1.591795974682660861e-18,5.186118725720932272e-17,-1.280090047709076277e-20,6.201912530874206582e-19,-7.958808064113109837e-68,7.847697435780212946e-58
-1.247494989979959890e+00,-1.854159167685548469e-18,5.660229332065831466e-17,-1.495578128353587819e-20,6.914168090332727636e-19,-1.195955970673798204e-67,1.037004576174522617e-57
-1.241482965931863802e+00,-2.151671154895086089e-18,6.185142363435656509e-17,-1.739764520070974892e-20,7.707779816246734404e-19,-1.655731931541288987e-67,1.373756643129146268e-57
-1.235470941883767493e+00,-2.485155416211927654e-18,6.755154499762268242e-17,-2.014791300858086974e-20,8.573101324080374557e-19,-2.246402948734521760e-67,1.801090679109381444e-57
-1.229458917835671405e+00,-2.856556997184543179e-18,7.371855201591552485e-17,-2.321088490352069061e-20,9.512696311380143202e-19,-3.022660600400691582e-67,2.338070608714421237e-57
-1.223446893787575096e+00,-3.269005499849499849e-18,8.036957410270593802e-17,-2.661715285997593982e-20,1.052866210799266104e-18,-4.320596237202580658e-67,3.007850587843350678e-57
-1.217434869739479009e+00,-3.724641244809959006e-18,8.752158975849444926e-17,-3.042287311739647493e-20,1.162311211986201666e-18,-6.141994908418463354e-67,7.363834206002226669e-28
-1.211422845691382699e+00,-4.225087810187324676e-18,9.521793393421349142e-17,-3.464977821392821860e-20,1.280380025728314278e-18,-8.355592796926910899e-67,5.428700970494395478e-27
-1.205410821643286612e+00,-4.770896695083649363e-18,1.035550347367997091e-16,-3.932576641245082844e-20,1.408923970451493306e-18,-1.143147226319021512e-66,1.041877936612150276e-26
-1.199398797595190302e+00,-5.361402409957201616e-18,1.124554066785548211e-16,-4.447688439376924458e-20,1.546947362041287742e-18,-1.515776963486945078e-66,1.544386974291467752e-26
-1.193386773547094215e+00,-5.998154077742193199e-18,1.219409441764613294e-16,-5.012202871814129079e-20,1.695189524580204733e-18,-1.983564191561506037e-66,2.179923730594734452e-26
-1.187374749498998128e+00,-6.678283784853624276e-18,1.320339720657503115e-16,-5.626570363881707149e-20,1.854621452767105098e-18,-2.596021901537075721e-66,3.039845504430572600e-26
-1.181362725450901818e+00,-7.398861792598892329e-18,1.427627026158972088e-16,-6.290968747762587692e-20,2.026451330033299079e-18,-3.367804783277807757e-66,4.188509782053683845e-26
-1.175350701402805509e+00,-8.155120798977658161e-18,1.541800165913317762e-16,-6.999546522460079869e-20,2.212726282371130339e-18,-4.394347306756067828e-66,5.726226199526098575e-26
-1.169338677354709422e+00,-8.939700353975704303e-18,1.664299309542857148e-16,-7.749497800948933045e-20,2.418247662286968635e-18,-5.712844596500612701e-66,7.881475850971123271e-26
-1.163326653306613334e+00,-9.744321301960641432e-18,1.794233460398179501e-16,-8.531913516202196490e-20,2.642475272056954340e-18,-7.317435802350424376e-66,5.560890551954952941e-25
-1.157314629258517025e+00,-1.056044066149208308e-17,1.931998765055417885e-16,-9.334519927576587599e-20,2.887809840384247058e-18,-9.280867418466319365e-66,1.568598142277695230e-24
-1.151302605210420715e+00,-1.137978712398444601e-17,2.078015377352667836e-16,-1.014981628128436408e-19,3.156800110644678799e-18,-1.168100090994867354e-65,3.010444453736623867e-24
-1.145290581162324628e+00,-1.219325979659973975e-17,2.232752864558552865e-16,-1.109892826117476516e-19,3.452124783603068076e-18,-1.460638367795841179e-65,4.792729360009481618e-24
-1.139278557114228541e+00,-1.299015853439710252e-17,2.397101009335448838e-16,-1.207075807120413108e-19,3.777664134366329185e-18,-1.816911063844347906e-65,7.172502232474452746e-24
-1.133266533066132231e+00,-1.376152634753624472e-17,2.573371218087912811e-16,-1.306482122372970699e-19,4.143385255600761933e-18,-2.247601320563420885e-65,1.027674377148836264e-23
-1.127254509018036144e+00,-1.450365751843451075e-17,2.760392088684570193e-16,-1.408794821578238835e-19,4.545847898971468813e-18,-2.767839861476887179e-65,1.467816417664368784e-23
-1.121242484969939834e+00,-1.521502110212865844e-17,2.958849474321773232e-16,-1.515224725150907089e-19,4.987803554635292552e-18,-3.395090936195788546e-65,2.060586661660393198e-23
-1.115230460921843747e+00,-1.587529854128398984e-17,3.169454703445658449e-16,-1.626206165304580610e-19,5.471977770109298921e-18,-4.133248459581943549e-65,2.833957684404269026e-23
-1.109218436873747438e+00,-1.652951580732538584e-17,3.392911408508694438e-16,-1.747702371768243857e-19,6.001076577952386105e-18,-4.977003196675276147e-65,3.833469773513676689e-23
-1.103206412825651350e+00,-1.717344495341183421e-17,3.630637670027844118e-16,-1.882763565517122254e-19,6.579082849472714937e-18,-5.950243052135171362e-65,5.148599881141932393e-23
-1.097194388777555041e+00,-1.782121062389150559e-17,3.886126036304368318e-16,-2.038090832275908119e-19,7.217709591027754272e-18,-7.108809352201196048e-65,6.986065245501605003e-23
-1.091182364729458953e+00,-1.849250818957261394e-17,4.157555804601417596e-16,-2.220328743952774366e-19,7.909498108102344923e-18,-2.433571907621630987e-62,9.436081780743076600e-23
-1.085170340681362866e+00,-1.920570019892757775e-17,4.445841966971105365e-16,-2.437139936884414791e-19,8.657170410006926857e-18,-3.682647686282400018e-61,1.259443507806417307e-22
-1.079158316633266557e+00,-1.998238011056489233e-17,4.751866500735570868e-16,-2.696907146101025094e-19,9.463496513695480352e-18,-2.197022225913701618e-60,1.675718651890319581e-22
-1.073146292585170247e+00,-2.084385815342457386e-17,5.076527469234104945e-16,-3.008035579764507267e-19,1.033148302658185293e-17,-3.263374732833582268e-60,2.236492447768253973e-22
-1.067134268537074160e+00,-2.182918913127999326e-17,5.421043377111070483e-16,-3.384453769286447955e-19,1.126545269167887562e-17,-4.586435533005222773e-60,2.997276556641669799e-22
-1.061122244488978072e+00,-2.294982869850433300e-17,5.790486689314616298e-16,-3.834555164716501646e-19,1.228536963687461895e-17,-6.397726123945785838e-60,4.011810175512811208e-22
-1.055110220440881763e+00,-2.421329078252440687e-17,6.181979946374041606e-16,-4.369855467159824814e-19,1.338306272807103363e-17,-3.969536290875235329e-59,5.227465964623100824e-22
-1.049098196392785454e+00,-2.562738503518197542e-17,6.596526841193648808e-16,-5.011009400012577965e-19,1.456516585457669510e-17,-8.573162673304132123e-59,6.721284913080831581e-22
-1.043086172344689366e+00,-2.719236398023659618e-17,7.035167672387880693e-16,-5.797426043092333604e-19,1.583897332803273234e-17,-1.601503479085473800e-58,8.569799892963778600e-22
-1.037074148296593279e+00,-2.891136697716997177e-17,7.498961583267608587e-16,-6.722271822227161131e-19,1.721246678346218571e-17,-3.288129410723452176e-58,1.085253300731786768e-21
-1.031062124248496970e+00,-3.077391921346686487e-17,7.989342082920052843e-16,-7.800289020161965077e-19,1.869577690682530501e-17,-6.197347313500393643e-27,1.366577815281647661e-21
-1.025050100200400882e+00,-3.276498450622445151e-17,8.514117627360439880e-16,-9.044899306188856191e-19,2.032954337692232745e-17,-4.753592999284521288e-26,1.733612001511161313e-21
-1.019038076152304573e+00,-3.487095732737281652e-17,9.068532505268326110e-16,-1.046732061176743831e-18,2.209835501067477163e-17,-8.417953777229148705e-26,2.197522714472165131e-21
-1.013026052104208485e+00,-3.705761687406829593e-17,9.654003076168640362e-16,-1.207566448512459859e-18,2.401181256727979693e-17,-1.202917373452644153e-25,2.754528140509879300e-21
-1.007014028056112176e+00,-3.930440844119893201e-17,1.027204889439199092e-15,-1.387668540752402513e-18,2.607926631528776736e-17,-1.680695643948804377e-25,3.418899481090332084e-21
-1.001002004008016089e+00,-4.158549699134048997e-17,1.092430161434314840e-15,-1.587532812606017526e-18,2.830996263928935356e-17,-2.661609391173899493e-25,4.216246627535370332e-21
-9.949899799599198902e-01,-4.388060822458897984e-17,1.161257589970170507e-15,-1.806933732332874623e-18,3.071379088849319255e-17,-7.605575267121848006e-25,5.175951969046205006e-21
-9.889779559118236918e-01,-4.616121327067837456e-17,1.234695187523345357e-15,-2.045866216309076491e-18,3.334279936973801849e-17,-2.299793504581956367e-24,6.385181412687883359e-21
-9.829659318637274934e-01,-4.837593499678529463e-17,1.312212331779479941e-15,-2.303976523636250402e-18,3.616582496394574472e-17,-5.003327681552855115e-24,7.832998975077808809e-21
-9.769539078156312950e-01,-5.053854056691587109e-17,1.394032288265759386e-15,-2.581295294418851573e-18,3.918974521914772722e-17,-8.369372258718811106e-24,9.571837690980357861e-21
-9.709418837675350966e-01,-5.263588286828045832e-17,1.480379774935018616e-15,-2.877429572128882151e-18,4.242457779951494516e-17,-1.472109290978952261e-23,1.163811343005471536e-20
-9.649298597194388982e-01,-5.466063634113213900e-17,1.571491616733953275e-15,-3.191823907372851598e-18,4.588170028616874260e-17,-2.954158271283805582e-23,1.407379013953672464e-20
-9.589178356713426998e-01,-5.660137059951212350e-17,1.667619357007386919e-15,-3.524384231367812510e-18,4.957236812341776933e-17,-5.250815166955793261e-23,1.694810683036169873e-20
-9.529058116232465014e-01,-5.837952776923680730e-17,1.770155278288574565e-15,-3.875172214246613639e-18,5.356406755235919078e-17,-8.158028935022344848e-23,2.053386172466983138e-20
-9.468937875751503030e-01,-6.003788149887217758e-17,1.878587030428373328e-15,-4.244801367849539652e-18,5.783730550575877938e-17,-1.165449558323594924e-22,2.484980765294964130e-20
-9.408817635270541047e-01,-6.155276681938272176e-17,1.993011151792037378e-15,-4.632716326964408573e-18,6.241193980222101743e-17,-1.630377254977389442e-22,2.996208693387011186e-20
-9.348697394789579063e-01,-6.288829028326223578e-17,2.113714069517786134e-15,-5.040432820693962962e-18,6.731795614836449268e-17,-2.391353963235191316e-22,3.595898133278536673e-20
-9.288577154308617079e-01,-6.398216194095243159e-17,2.241010930571640495e-15,-5.469418638859706700e-18,7.259299344648014913e-17,-3.372231257462156377e-22,4.298748116488193261e-20
-9.228456913827655095e-01,-6.458119547606940935e-17,2.375179999381039294e-15,-5.918274641847974095e-18,7.827037286028864610e-17,-4.462555115560882132e-22,5.127236648421398445e-20
-9.168336673346693111e-01,-6.471693138015884936e-17,2.517979080782225908e-15,-6.389582444455550576e-18,8.448688464868026539e-17,-5.925228865398357648e-22,6.140701923459863926e-20
-9.108216432865731127e-01,-6.422841953680705571e-17,2.668540621261231266e-15,-6.886691380089946156e-18,9.122967267627532295e-17,-8.043794123677829486e-22,7.341209681242115575e-20
-9.048096192384769143e-01,-6.290891838593582901e-17,2.827144339617510960e-15,-7.410251779093163824e-18,9.854756883049000537e-17,-1.133274126233578273e-21,8.760541313332684110e-20
-8.987975951903807159e-01,-6.051463032619894010e-17,2.994165216985024079e-15,-7.960089444087057674e-18,1.064981292198400545e-16,-1.485471207650841773e-21,1.042680504209912372e-19
-8.927855711422846285e-01,-5.652397590441961437e-17,3.169976381250493778e-15,-8.534028146035477305e-18,1.151401797883984165e-16,-1.924849339757368863e-21,1.237230392464205049e-19
-8.867735470941884302e-01,-5.089162501086934750e-17,3.354942648376192499e-15,-9.140827889108363591e-18,1.245306886321895879e-16,-2.570965566757982191e-21,1.464771628685424714e-19
-8.807615230460922318e-01,-4.313000604347559535e-17,3.551530541118692572e-15,-9.773288003170918768e-18,1.349172515021498068e-16,-3.416697220392837211e-21,1.741729373381188957e-19
-8.747494989979960334e-01,-3.279659869454197545e-17,3.758932696507698604e-15,-1.042500716514897272e-17,1.462621622886384904e-16,-4.538954702755700242e-21,2.069320642356534856e-19
-8.687374749498998350e-01,-1.938525631279448340e-17,3.977985842726461591e-15,-1.108847002001780459e-17,1.586434617764597784e-16,-5.920473940680638485e-21,2.454245147152498746e-19
-8.627254509018036366e-01,-1.906053092755198194e-18,4.209034309366997987e-15,-1.175281905082559585e-17,1.721291104822680545e-16,-7.637847322279549493e-21,2.905623980371554195e-19
-8.567134268537074382e-01,1.994414926090017135e-17,4.452845863958798784e-15,-1.241180588983072186e-17,1.868047632937030604e-16,-9.922887309519264410e-21,3.434117404356752522e-19
-8.507014028056112398e-01,4.670238636670202524e-17,4.710269426133770637e-15,-1.305256139558994251e-17,2.027669388178471885e-16,-1.279431087682690456e-20,4.051299335523508926e-19
-8.446893787575150414e-01,7.906428420652284292e-17,4.984683801151256978e-15,-1.366125305453834520e-17,2.203919045973511895e-16,-1.646775009910689818e-20,4.797062432393248860e-19
-8.386773547094188430e-01,1.177184978364426110e-16,5.275229842531345349e-15,-1.422255820962360679e-17,2.395968184495240834e-16,-2.103743806037670832e-20,5.673531570554609373e-19
-8.326653306613226446e-01,1.641331368352095541e-16,5.582639656918976327e-15,-1.470343694844129339e-17,2.604755794354354243e-16,-2.662041239511543072e-20,6.698337147449255920e-19
-8.266533066132264462e-01,2.188132300025183497e-16,5.907883506477856977e-15,-1.508853629182236751e-17,2.831377882036894725e-16,-3.356512098244230838e-20,7.894936519430835829e-19
-8.206412825651302478e-01,2.823589953669054197e-16,6.251923919383570004e-15,-1.536142578641969570e-17,3.076987119411708219e-16,-4.173966905162316208e-20,9.288719905636378767e-19
-8.146292585170340494e-01,3.556711072817934974e-16,6.615695163519166758e-15,-1.550090059747291169e-17,3.342761373087538729e-16,-5.156817631316673546e-20,1.090459057368605747e-18
-8.086172344689378511e-01,4.397340867166841972e-16,7.003170518768806313e-15,-1.548164257194858365e-17,3.633632127261338960e-16,-6.350054604947982416e-20,1.283606007406898545e-18
-8.026052104208416527e-01,5.366512438790479078e-16,7.412950945737043506e-15,-1.525214608805433499e-17,3.948325681296989283e-16,-7.761084676148235839e-20,1.508693406686531382e-18
-7.965931863727454543e-01,6.471949153561920704e-16,7.845586860204159101e-15,-1.479121488919565346e-17,4.287741999452700105e-16,-9.429821310614006121e-20,1.768757927267779764e-18
-7.905811623246492559e-01,7.720236947667492085e-16,8.302326966883582026e-15,-1.408114672039252146e-17,4.653613229957717559e-16,-1.143120848088784755e-19,2.068798971189000757e-18
-7.845691382765531685e-01,9.124019903143256035e-16,8.782898663162425273e-15,-1.308998787804734889e-17,5.046773060473553797e-16,-1.374588209849996167e-19,2.413970599759387607e-18
-7.785571142284569701e-01,1.069643088603993875e-15,9.287809762547702606e-15,-1.177757172991059157e-17,5.468653971254964599e-16,-1.640881370489912445e-19,2.809587404349392658e-18
-7.725450901803607717e-01,1.246672090779931611e-15,9.820778329650565889e-15,-1.004892114638946311e-17,5.925519644575618627e-16,-1.946785179062723285e-19,3.273823417231034363e-18
-7.665330661322645733e-01,1.444917533755544577e-15,1.037978790685306599e-14,-7.845167804632543894e-18,6.415937329811173491e-16,-2.296206450285934393e-19,3.808164716038308666e-18
-7.605210420841683749e-01,1.665052843944352636e-15,1.096454083742467791e-14,-5.135182731484231790e-18,6.940543082828428043e-16,-2.697847468701632860e-19,4.418790758089995289e-18
-7.545090180360721765e-01,1.908878785016471997e-15,1.157554807067364429e-14,-1.838973698893235749e-18,7.501184924607067637e-16,-3.160255563183877576e-19,5.114742967626783975e-18
-7.484969939879759782e-01,2.178451031208249675e-15,1.221340596583955363e-14,2.143891815035093940e-18,8.099913469502526246e-16,-3.684985678785613426e-19,5.906697480572851906e-18
-7.424849699398797798e-01,2.477900801118430570e-15,1.287882749226864635e-14,7.035919579788347266e-18,8.738847791787033429e-16,-4.262670224853922671e-19,6.806489183698720935e-18
-7.364729458917835814e-01,2.810211245630953963e-15,1.357634721816724135e-14,1.300821014711039579e-17,9.426903735377272651e-16,-4.906167212745621145e-19,7.846500450608090169e-18
-7.304609218436873830e-01,3.176102762615350766e-15,1.430488395972096483e-14,2.015738727888814873e-17,1.016332538931503312e-15,-5.622687809689326360e-19,9.034103935226577066e-18
-7.244488977955911846e-01,3.578412978243912753e-15,1.506491915728041664e-14,2.870670645733969247e-17,1.094880365009622415e-15,-6.405382385318425206e-19,1.038066516332291829e-17
-7.184368737474949862e-01,4.020431113097373530e-15,1.585928784101257888e-14,3.889842835541353822e-17,1.178764711924469752e-15,-7.263512101794537466e-19,1.190645583535055007e-17
-7.124248496993987878e-01,4.507910375252050773e-15,1.669070008280853061e-14,5.113994404122298067e-17,1.268324539294983215e-15,-8.202940283023193991e-19,1.363222403034185184e-17
-7.064128256513025894e-01,5.046236154365029719e-15,1.756012291699086772e-14,6.587366948579980701e-17,1.363790117280445020e-15,-9.195368669048749289e-19,1.557902794113657232e-17
-7.004008016032063910e-01,5.636494086081094687e-15,1.847503055323433353e-14,8.335928242754940586e-17,1.466482327568473021e-15,-1.024837475783601393e-18,1.780771734753846864e-17
-6.943887775551101926e-01,6.283139845264790435e-15,1.943640114008416972e-14,1.040601174175561836e-16,1.576468937880271139e-15,-1.136029665153984142e-18,2.033187528068771436e-17
-6.883767535070139942e-01,6.990925250286908170e-15,2.044659437502219460e-14,1.284867206451620444e-16,1.694016651570258471e-15,-1.248955119286962829e-18,2.317760952117436697e-17
-6.823647294589177958e-01,7.767757435591016460e-15,2.150976680899069412e-14,1.574355104681559829e-16,1.819726098512286037e-15,-1.359658603146621748e-18,2.638254851111633959e-17
-6.763527054108215975e-01,8.622967680049838060e-15,2.263042492979000023e-14,1.919088291869268928e-16,1.954293819223592598e-15,-1.462309198393506152e-18,2.998338708777178783e-17
-6.703406813627255101e-01,9.555717764381859050e-15,2.381342463834922048e-14,2.322185625942786573e-16,2.098523378050042942e-15,-1.553517129805725780e-18,3.402617500608384312e-17
-6.643286573146293117e-01,1.057125287693252800e-14,2.506821185662939379e-14,2.791345020568848385e-16,2.254365926682019015e-15,-1.627388987027167276e-18,3.861437154240879947e-17
-6.583166332665331133e-01,1.167459669109349200e-14,2.639764478573201585e-14,3.335245433739518942e-16,2.422291404749983854e-15,-1.676844430803698333e-18,4.377991902729745999e-17
-6.523046092184369149e-01,1.287302035648364484e-14,2.780539527132152920e-14,3.965919368972308376e-16,2.602987460336470262e-15,-1.687592697973711425e-18,4.956020737366502087e-17
-6.462925851703407165e-01,1.417749241073029066e-14,2.929688876932385360e-14,4.700851963463548134e-16,2.797651192956210286e-15,-1.628923079929145094e-18,5.602241440759849886e-17
-6.402805611222445181e-01,1.558186316256111321e-14,3.088121174628243423e-14,5.541902791908105311e-16,3.008188495799287233e-15,-1.496263275083206936e-18,6.326003653299023926e-17
-6.342685370741483197e-01,1.708794228970258931e-14,3.256381023303281605e-14,6.500087643639109931e-16,3.236343558107419542e-15,-1.269660761008451252e-18,7.136224746530592655e-17
-6.282565130260521213e-01,1.869578870116549729e-14,3.434891058839067539e-14,7.586699504127594081e-16,3.484068873936912937e-15,-9.243484267235170711e-19,8.047328014242345510e-17
-6.222444889779559229e-01,2.040542632319705269e-14,3.623801815530291612e-14,8.815502327685547327e-16,3.752178311459874345e-15,-4.237152612526610996e-19,9.065596627795915527e-17
-6.162324649298597246e-01,2.222112107694818023e-14,3.823238971805457164e-14,1.021321381199192571e-15,4.041427956716656243e-15,3.092607110913886094e-19,1.019630082291351467e-16
-6.102204408817635262e-01,2.412490000946341248e-14,4.033390222936068475e-14,1.177545248908488508e-15,4.353112864210254510e-15,1.290128738123310804e-18,1.145063531667390761e-16
-6.042084168336673278e-01,2.610712925774207934e-14,4.254338215189363801e-14,1.351293095442688968e-15,4.688399795262867639e-15,2.570093587795597287e-18,1.283973453901594222e-16
-5.981963927855711294e-01,2.815583727677002015e-14,4.486041308032792535e-14,1.543559241552807136e-15,5.048320080564706812e-15,4.211367915718072390e-18,1.437516626008137517e-16
-5.921843687374749310e-01,3.025764735553527072e-14,4.728381922546532163e-14,1.755450201525174722e-15,5.435038951584348489e-15,6.290683732652726640e-18,1.608171414852432179e-16
-5.861723446893787326e-01,3.240139955004875947e-14,4.980903272984405819e-14,1.990237035218257217e-15,5.848666032076017202e-15,8.986032078016212257e-18,1.796988561413618726e-16
-5.801603206412825342e-01,3.456548880168564049e-14,5.243095454287368035e-14,2.246218280780909934e-15,6.289061227788331674e-15,1.232224571882971537e-17,2.004862593072319798e-16
-5.741482965931863358e-01,3.673832753437133031e-14,5.514360741342227226e-14,2.524017776943251503e-15,6.756629095166507700e-15,1.640217353674080559e-17,2.233433659950701142e-16
-5.681362725450901374e-01,3.891182334001078361e-14,5.793945432598702593e-14,2.824283388120824455e-15,7.251662331341179854e-15,2.135593227839976044e-17,2.484434869622698216e-16
-5.621242484969940501e-01,4.108190396380100135e-14,6.081139873631290741e-14,3.147529571743446664e-15,7.775666205722747542e-15,2.731582566585713304e-17,2.760558969593170944e-16
-5.561122244488978517e-01,4.324561266613458291e-14,6.374555223896065901e-14,3.496946563838614898e-15,8.329113871754463987e-15,3.460605979639754317e-17,3.065145520985673160e-16
-5.501002004008016533e-01,4.540702039394826217e-14,6.672922296766034220e-14,3.870464880538507312e-15,8.910403806715418170e-15,4.327310980757177218e-17,3.399254990111439771e-16
-5.440881763527054549e-01,4.757077136223098015e-14,6.975118589908523420e-14,4.268587378169832332e-15,9.518785461053819792e-15,5.347587650040869520e-17,3.764012559298087869e-16
-5.380761523046092565e-01,4.974140456366058992e-14,7.279859025795965333e-14,4.691998003325079564e-15,1.015426436364533912e-14,6.541463573768872163e-17,4.162759670949161466e-16
-5.320641282565130581e-01,5.192296245999817722e-14,7.585943059846880170e-14,5.140885512506746556e-15,1.081589459307837258e-14,7.922605110152141747e-17,4.596053331338835992e-16
-5.260521042084168597e-01,5.411831392846395497e-14,7.891895223801123020e-14,5.618236093533482601e-15,1.150346250577708687e-14,9.542327531976874423e-17,5.066455905642346993e-16
-5.200400801603206613e-01,5.632909596449756435e-14,8.196236175508857980e-14,6.123272508601608503e-15,1.221654207686109083e-14,1.140747806891745494e-16,5.577585162951886014e-16
-5.140280561122244629e-01,5.855382945893612526e-14,8.497701193525714059e-14,6.656614600983542968e-15,1.295397482384334144e-14,1.353750943662932816e-16,6.131164092346196845e-16
-5.080160320641282645e-01,6.078852192032853219e-14,8.794954620664836171e-14,7.219048621652337682e-15,1.371448198101110510e-14,1.595498359239914760e-16,6.728176847437992555e-16
-5.020040080160320661e-01,6.302684680590835083e-14,9.086586075213709123e-14,7.811054020082527327e-15,1.449663050199419201e-14,1.868191401669002913e-16,7.370261288666244805e-16
-4.959919839679358677e-01,6.526970347736345539e-14,9.371179052662244165e-14,8.433118757736327623e-15,1.529853213171500188e-14,2.176923559215509218e-16,8.059254104156889729e-16
-4.899799599198397804e-01,6.750293458962256448e-14,9.647271545703310509e-14,9.084287492199300424e-15,1.611767281459255822e-14,2.522167086409046144e-16,8.796604102405164965e-16
-4.839679358717434710e-01,6.971142300017595042e-14,9.913206464734816693e-14,9.763512359417195415e-15,1.695057699933881146e-14,2.905463076441470565e-16,9.586303549606203538e-16
-4.779559118236473836e-01,7.187957017488906858e-14,1.016810532078619283e-13,1.046927513705893059e-14,1.779258208381529866e-14,3.328898267264791884e-16,1.042755110286528579e-15
-4.719438877755510742e-01,7.398922411464010325e-14,1.041055189100135414e-13,1.119925302938180062e-14,1.863915725708999333e-14,3.794395413433830293e-16,1.131877688533961553e-15
-4.659318637274549868e-01,7.603862249618663589e-14,1.063906064161000765e-13,1.194997532962844043e-14,1.948498902772343784e-14,4.305606100490343393e-16,1.225986413363350165e-15
-4.599198396793586774e-01,7.799836553999126235e-14,1.085209583979911110e-13,1.271760718245709514e-14,2.032408249579886036e-14,4.862517764782084259e-16,1.325018363323321388e-15
-4.539078156312625900e-01,7.983638800770986970e-14,1.104810211770325914e-13,1.349766859178096171e-14,2.114987375863200867e-14,5.465439639194004627e-16,1.428860843156910070e-15
-4.478957915831662806e-01,8.152501330899516555e-14,1.122667080913114548e-13,1.428487051858794573e-14,2.195581645170362334e-14,6.115557964880154962e-16,1.537338294740139713e-15
-4.418837675350701932e-01,8.303628803122190742e-14,1.138732564771473455e-13,1.507316488422637326e-14,2.273576548274225552e-14,6.813231774740785387e-16,1.650346402611310387e-15
-4.358717434869738838e-01,8.436611413700903724e-14,1.152718789461920312e-13,1.585751944170395520e-14,2.348298295780385609e-14,7.559388612191873109e-16,1.767486425233829914e-15
-4.298597194388777964e-01,8.547687722790541768e-14,1.164728433865346561e-13,1.663230582293910546e-14,2.419111043899624813e-14,8.352957673198472015e-16,1.888342996950885053e-15
-4.238476953907814870e-01,8.632436050700456645e-14,1.173929719615989960e-13,1.739101943396101579e-14,2.485434774997874895e-14,9.192703457983717904e-16,2.012501418093686072e-15
-4.178356713426853997e-01,8.688055021286536213e-14,1.180014273826485601e-13,1.812782654806073613e-14,2.546772124130734859e-14,1.007756345143651667e-15,2.139483664398676121e-15
-4.118236472945890903e-01,8.693426663937520036e-14,1.182960100792993625e-13,1.883730779371595021e-14,2.603006419688170702e-14,1.100596875497447352e-15,2.268697593156519238e-15
-4.058116232464930029e-01,8.658109688172101688e-14,1.182598365522408243e-13,1.951879541878971146e-14,2.653802224956477681e-14,1.197574629872570966e-15,2.399549749757490902e-15
-3.997995991983969155e-01,8.586937372910015759e-14,1.178983971158553306e-13,2.016888803819372527e-14,2.703369388636255150e-14,1.298393243210450488e-15,2.531369658445138998e-15
-3.937875751503006061e-01,8.478616131485935411e-14,1.172522338125577575e-13,2.078014854598565814e-14,2.749574147092531600e-14,1.402722179754367691e-15,2.663450742468466651e-15
-3.877755511022045187e-01,8.334506422271196643e-14,1.163255189986021136e-13,2.134836911649681584e-14,2.788151450543350875e-14,1.510163736265959630e-15,2.795049298756111165e-15
-3.817635270541082093e-01,8.156840890086204736e-14,1.151299060613222748e-13,2.186925977491649192e-14,2.819634456714920117e-14,1.620239667341868233e-15,2.925375153891687804e-15
-3.757515030060121219e-01,7.949163768243126230e-14,1.136893489741316006e-13,2.234395943905548067e-14,2.844910573003227043e-14,1.732395384203558882e-15,3.053612140280466423e-15
-3.697394789579158125e-01,7.714553618713292799e-14,1.120207320165584613e-13,2.276854502921700396e-14,2.864790514434025413e-14,1.846024113056064519e-15,3.179002555428938896e-15
-3.637274549098197252e-01,7.456036055888557110e-14,1.101331771199495783e-13,2.312876864186335176e-14,2.879446792975372221e-14,1.960397555043660011e-15,3.300706246321924818e-15
-3.577154308617234157e-01,7.177609526297296805e-14,1.080473948523535868e-13,2.328308604051058486e-14,2.889259460750735922e-14,2.074685502049329499e-15,3.417846167509639497e-15
-3.517034068136273284e-01,6.883053258692885937e-14,1.057814394800099754e-13,2.329583726077500614e-14,2.892379798231336845e-14,2.187940886611939884e-15,3.529500314995955317e-15
-3.456913827655310190e-01,6.577455164750055374e-14,1.033716843822555950e-13,2.319510639058870540e-14,2.889350815162303235e-14,2.299222605486113288e-15,3.634523776508312948e-15
-3.396793587174349316e-01,6.264556169892505786e-14,1.008394352990198814e-13,2.298627992306398553e-14,2.880934221193415683e-14,2.407575051023830294e-15,3.732093866132615289e-15
-3.336673346693386222e-01,5.947770867428737709e-14,9.819750662296497934e-14,2.267124480419452440e-14,2.869261394143293262e-14,2.511626165533046380e-15,3.821872716136177648e-15
-3.276553106212425348e-01,5.630571413503822312e-14,9.545894250470574043e-14,2.225932411812894798e-14,2.856029340572710913e-14,2.610088314205432953e-15,3.903697742153428871e-15
-3.216432865731462254e-01,5.315897311697414996e-14,9.263777209749345815e-14,2.176513916562388036e-14,2.839909411700678069e-14,2.701618170560734403e-15,3.975155289587339514e-15
-3.156312625250501380e-01,5.006096917592696202e-14,8.974478534648277479e-14,2.120170189865275831e-14,2.820576193946207562e-14,2.785080707164607264e-15,4.035479460846414570e-15
-3.096192384769538286e-01,4.703106498323871908e-14,8.678744480596144822e-14,2.057965943636807543e-14,2.797459604784130161e-14,2.858417803888495785e-15,4.081927135788672536e-15
-3.036072144288577412e-01,4.408361016628350433e-14,8.377030408864517213e-14,1.990496269329629969e-14,2.769972972650880555e-14,2.918369123757165312e-15,4.115453129839893260e-15
-2.975951903807614318e-01,4.122853506910448361e-14,8.069518490519729825e-14,1.918464423488199361e-14,2.737270227354213893e-14,2.966144092459446403e-15,4.134741503853693929e-15
-2.915831663326653445e-01,3.847178927815333859e-14,7.756238936543320557e-14,1.842417490492603371e-14,2.698201557173351926e-14,3.000712216664893502e-15,4.139828427156146525e-15
-2.855711422845692571e-01,3.581620274455366288e-14,7.437102774092153851e-14,1.762787043492058275e-14,2.651946241199225951e-14,3.021372949065092432e-15,4.134649172896548539e-15
-2.795591182364729477e-01,3.326243283801788826e-14,7.111992793731427683e-14,1.679883058914240639e-14,2.597764263272900133e-14,3.027931992986314915e-15,4.116702987828891763e-15
-2.735470941883768603e-01,3.080739245036899542e-14,6.780850973280511870e-14,1.593921664877133346e-14,2.535048382036603324e-14,3.018962982359172066e-15,4.085791387507925510e-15
-2.675350701402805509e-01,2.844749007892942611e-14,6.443765708254457505e-14,1.505173296663990534e-14,2.463387721631340446e-14,2.994080198277283084e-15,4.042246973550929880e-15
-2.615230460921844635e-01,2.617871744163929634e-14,6.101097111857030524e-14,1.413929495297897479e-14,2.382537602938806378e-14,2.953149544876850488e-15,3.986098464694333859e-15
-2.555110220440881541e-01,2.399731928019853908e-14,5.753549016377577032e-14,1.320521659176924093e-14,2.292541340600040628e-14,2.896359486962385856e-15,3.916052945463755218e-15
-2.494989979959920667e-01,2.190532326573501025e-14,5.402131446947369546e-14,1.225180868933451618e-14,2.193800011339960346e-14,2.823830164641060740e-15,3.832055898519783114e-15
-2.434869739478957573e-01,1.989682548145305925e-14,5.048122453423148329e-14,1.128768666862223394e-14,2.087006870268588893e-14,2.736311368529854988e-15,3.734235671155481351e-15
-2.374749498997996700e-01,1.797174319828406329e-14,4.693390143872429182e-14,1.031986042058212131e-14,1.973050147013075642e-14,2.634926665549368859e-15,3.623522958148853891e-15
-2.314629258517033605e-01,1.613136973889558774e-14,4.340057964433821724e-14,9.356257977348501899e-15,1.853108795976853313e-14,2.521066592868023713e-15,3.500799929461753521e-15
-2.254509018036072732e-01,1.437862659792193737e-14,3.990686320582656490e-14,8.405601828841668615e-15,1.728611931429643416e-14,2.396362146726475893e-15,3.366989574202480151e-15
-2.194388777555109638e-01,1.272422398348325791e-14,3.647659386287679019e-14,7.479324333729362242e-15,1.601268104093563273e-14,2.262550294593447911e-15,3.223128913140123325e-15
-2.134268537074148764e-01,1.116750199612956260e-14,3.313495015599428909e-14,6.586168940723934185e-15,1.472764042303847404e-14,2.121689257814634908e-15,3.070750858973865408e-15
-2.074148296593185670e-01,9.713240953747214596e-15,2.990620753496624713e-14,5.735202303458462616e-15,1.344779546219599446e-14,1.975882994183096199e-15,2.911505904081731394e-15
-2.014028056112224796e-01,8.365730185301000454e-15,2.681290557064550643e-14,4.934637022630297927e-15,1.218919292969214056e-14,1.827226070724001777e-15,2.747104898255952305e-15
-1.953907815631261702e-01,7.128391466585098040e-15,2.387864266953893105e-14,4.191439471693010896e-15,1.096750774705116400e-14,1.677746269920292881e-15,2.579248995816594924e-15
-1.893787575150300828e-01,6.015182117195947042e-15,2.112828406823745626e-14,3.517568249365753468e-15,9.798842297516451368e-15,1.529621320996690209e-15,2.409706716472935506e-15
-1.833667334669337734e-01,5.017037469569550585e-15,1.856666536883419223e-14,2.911430122526346807e-15,8.692292209053225985e-15,1.384551396506381895e-15,2.240284073571403513e-15
-1.773547094188376860e-01,4.133672643797209078e-15,1.620205416509276206e-14,2.374278732961349354e-15,7.655986336962090990e-15,1.244049311269121886e-15,2.072534130426164178e-15
-1.713426853707415987e-01,3.367960446082809729e-15,1.403833299079312364e-14,1.908954815849011459e-15,6.695408439719454982e-15,1.109809677736584357e-15,1.907857059312086410e-15
-1.653306613226452892e-01,2.705533584765264726e-15,1.207580264965916853e-14,1.509051113263045959e-15,5.813940406761295944e-15,9.826104376647614160e-16,1.747549058385297514e-15
-1.593186372745492019e-01,2.150206448035444995e-15,1.031647250178369785e-14,1.176640641363973251e-15,5.015215900400086015e-15,8.639708090404731472e-16,1.592872434519753059e-15
-1.533066132264528925e-01,1.684587499496496592e-15,8.764139202982946370e-15,9.012881773678987638e-16,4.303659438221576499e-15,7.540104010283948964e-16,1.445271840551969307e-15
-1.472945891783568051e-01,1.298272673238926014e-15,7.392897168846041254e-15,6.762298718070444341e-16,3.669546993310314755e-15,6.529482187490809919e-16,1.305179359008131812e-15
-1.412825651302604957e-01,9.823726943970189167e-16,6.193272176061795891e-15,4.954564745140869380e-16,3.109900480624988680e-15,5.609175752792414704e-16,1.173067478534719276e-15
-1.352705410821644083e-01,7.279731874131500550e-16,5.152761594399631338e-15,3.528909047032127149e-16,2.620105696355849037e-15,4.778777251883374865e-16,1.049296524698747180e-15
-1.292585170340680989e-01,5.313699752061928568e-16,4.257999736914987670e-15,2.454980254542314401e-16,2.194932531736751327e-15,4.043294347512538235e-16,9.340751368122977582e-16
-1.232464929859720115e-01,3.794393269043899317e-16,3.498456822119025774e-15,1.648740716792194271e-16,1.830482056236446128e-15,3.394193511511529870e-16,8.277481657464135082e-16
-1.172344689378757021e-01,2.629981411643315529e-16,2.866430383710558185e-15,1.051938527544100440e-16,1.524539389774204570e-15,2.824741769139155144e-16,7.310117502995657879e-16
-1.112224448897796147e-01,1.755220447728410603e-16,2.335373787464815650e-15,6.213886741836587975e-17,1.264521886071104038e-15,2.329625853696355396e-16,6.427180402852262456e-16
-1.052104208416833053e-01,1.112113927416167873e-16,1.892487413605667627e-15,3.199061239505733219e-17,1.044903330770183312e-15,1.903024134063594843e-16,5.625647775765202395e-16
-9.919839679358721796e-02,6.682865111464832025e-17,1.525944485278736588e-15,1.252207957920894628e-17,8.605131169475913602e-16,1.543788029739074242e-16,4.901895716002886185e-16
-9.318637274549090854e-02,3.707867947336064463e-17,1.224870528845926300e-15,6.915727430016798531e-19,7.065583667777404372e-16,1.244297713549646233e-16,4.251911934720416993e-16
-8.717434869739482117e-02,1.669096169559962485e-17,9.805738470044223683e-16,-6.443219474032118255e-18,5.793871135000236468e-16,9.931105817578778934e-17,3.673459735997246389e-16
-8.116232464929851176e-02,3.312721269435562218e-18,7.870042594299856671e-16,-1.029543332125298715e-17,4.767160112997188579e-16,7.843534979585263148e-17,3.168247651756862940e-16
-7.515030060120242439e-02,-4.968828531863096573e-18,6.301847389933134487e-16,-1.190501186408054151e-17,3.915943872272328707e-16,6.125156547035301318e-17,2.721368848888337107e-16
-6.913827655310633702e-02,-9.277726355638548048e-18,5.038505849522134550e-16,-1.193664946024221600e-17,3.212229620753545284e-16,4.744537778355249601e-17,2.327926746078080819e-16
-6.312625250501002760e-02,-1.115936249142558417e-17,4.026114993753032428e-16,-1.111716534502725091e-17,2.631538242502196072e-16,3.641205325568907908e-17,1.983208338498910000e-16
-5.711422845691394024e-02,-1.162489821016264769e-17,3.217973171801250012e-16,-9.913802072135671552e-18,2.152957246973484339e-16,2.758642188616308336e-17,1.682734994777588280e-16
-5.110220440881763082e-02,-1.116125231498988340e-17,2.576631576268854697e-16,-8.606872836914384030e-18,1.761775638760961420e-16,2.059861935834288796e-17,1.423367584829960770e-16
-4.509018036072154345e-02,-1.032942741720900905e-17,2.081894891131495836e-16,-7.295426758434165824e-18,1.449314133857616821e-16,1.512376387855053592e-17,1.204875807729423364e-16
-3.907815631262523404e-02,-9.144311232929758214e-18,1.685047441370548847e-16,-5.975008607082543722e-18,1.190815808223332751e-16,1.095428949894209907e-17,1.016692269651353945e-16
-3.306613226452914667e-02,-7.798659139340428988e-18,1.367659712458639159e-16,-4.747100056533873883e-18,9.775305631861370680e-17,7.808145306718517395e-18,8.555520830678368098e-17
-2.705410821643283725e-02,-6.345794703527339358e-18,1.114613943760558767e-16,-3.698645969579408425e-18,8.018454775094860812e-17,5.419524842188508086e-18,7.185492982424170292e-17
-2.104208416833674988e-02,-4.952508858177722748e-18,9.129332565108358046e-17,-2.788437082391191511e-18,6.575760984062511887e-17,3.639981169697450589e-18,6.028322321139015636e-17
-1.503006012024044047e-02,-3.776583716618847197e-18,7.529935535706914089e-17,-2.065741471882003166e-18,5.400571406837912425e-17,2.332793427376786865e-18,5.064103874540574146e-17
-9.018036072144353099e-03,-2.773855598776691783e-18,6.316779843463911057e-17,-1.518959669169503868e-18,4.488345273518435517e-17,1.381454724363145387e-18,4.293313460029457457e-17
-3.006012024048043685e-03,-2.024659601269779346e-18,5.370281773488101773e-17,-1.112140940730036799e-18,3.756019929049163153e-17,6.942906343442172633e-19,3.663695414957702649e-17
3.006012024048043685e-03,-1.480719882707643542e-18,4.653963629011218231e-17,-8.306159936245867123e-19,3.181210479584042139e-17,1.842955428214404400e-19,3.162250285110026038e-17
9.018036072144353099e-03,-1.086085904961706881e-18,4.140666284277835578e-17,-6.288888263193898996e-19,2.747904650784000431e-17,-1.880536354459970132e-19,2.779087316653681846e-17
1.503006012024044047e-02,-7.929042690162548657e-19,3.811584967432300815e-17,-4.974670374722499898e-19,2.443298480271882881e-17,-4.485316234541189431e-19,2.505788670223369842e-17
2.104208416833674988e-02,-5.597481551096189696e-19,3.656013634560778747e-17,-4.280897359266996444e-19,2.259770481989825766e-17,-6.136713169624223409e-19,2.338547982751094069e-17
2.705410821643283725e-02,-4.070031765867583329e-19,3.698565190630187568e-17,-4.012362836956205577e-19,2.215113876265885855e-17,-6.936228534511728671e-19,2.293453157441447560e-17
3.306613226452914667e-02,-3.946201808047605711e-19,3.909866738451613400e-17,-4.224415341901020783e-19,2.284077462876842522e-17,-7.027500055468134178e-19,2.350919864848794418e-17
3.907815631262523404e-02,-5.252711622809636109e-19,4.295182860846628414e-17,-4.899573265609923039e-19,2.476381343290400527e-17,-6.054767031116899077e-19,2.518080213575318103e-17
4.509018036072132141e-02,-7.934578263483578027e-19,4.869771289134355994e-17,-6.239641075735190093e-19,2.802593248329756669e-17,-4.099372303564254806e-19,2.800960375916245466e-17
5.110220440881763082e-02,-1.197072555062203365e-18,5.658937201755011219e-17,-8.367327736899954026e-19,3.277387278621300958e-17,-8.547252945726065221e-20,3.209968607323836048e-17
5.711422845691371819e-02,-1.784600098777527670e-18,6.700557865583697512e-17,-1.138324776060407689e-18,3.924373927348520873e-17,4.185363570730807381e-19,3.759720613101509371e-17
6.312625250501002760e-02,-2.595117859871008798e-18,8.109920889684333500e-17,-1.536337980375971023e-18,4.821348361536706284e-17,1.181899092844503867e-18,4.498933460042495530e-17
6.913827655310611497e-02,-3.653166104490640014e-18,9.909616357208240535e-17,-2.044519394326801517e-18,5.980606111995537875e-17,2.267394316120520795e-18,5.424967041971439789e-17
7.515030060120242439e-02,-4.883808116757198802e-18,1.219291568299830561e-16,-2.661207860648448408e-18,7.458300619320657256e-17,3.768253436885148517e-18,6.562852681958480168e-17
8.116232464929851176e-02,-6.176223045279767645e-18,1.508096540498777003e-16,-3.351864567776141243e-18,9.323770606390605465e-17,5.842495129688751741e-18,7.941735892136633654e-17
8.717434869739482117e-02,-7.603968109477919948e-18,1.872085301865513379e-16,-4.030481565272979063e-18,1.166584365127302644e-16,8.751025921248171739e-18,9.594172933605575762e-17
9.318637274549090854e-02,-9.244737883918727738e-18,2.329549888168828401e-16,-4.717819511908416346e-18,1.458963689911501217e-16,1.261977284250434913e-17,1.155748342685241055e-16
9.919839679358721796e-02,-1.097815957419134161e-17,2.928947761001205601e-16,-5.389096788187652992e-18,1.836530446740066135e-16,1.769891995215472956e-17,1.394198579180808787e-16
1.052104208416833053e-01,-1.254668246195981570e-17,3.684126491080531391e-16,-5.915323229963296083e-18,2.305840462201921540e-16,2.428636873566680093e-17,1.674138325574139307e-16
1.112224448897796147e-01,-1.365831668574905562e-17,4.631371082715858336e-16,-6.075216096206220146e-18,2.885482018373132089e-16,3.275172357316398441e-17,2.000428421587824540e-16
1.172344689378757021e-01,-1.321641297614180002e-17,5.813466988981422332e-16,-5.320168931244613878e-18,3.596982131699243799e-16,4.378308821299110298e-17,2.378201028033644170e-16
1.232464929859720115e-01,-1.086214019566277490e-17,7.280038143793432711e-16,-3.250900861994488144e-18,4.465087411611839865e-16,5.760974121415391206e-17,2.812851768877175836e-16
1.292585170340680989e-01,-5.319876317548658764e-18,9.088371780399146538e-16,7.794901120103875139e-19,5.518033851231611997e-16,7.475654929815115360e-17,3.309986491266419362e-16
1.352705410821644083e-01,5.392776203036514884e-18,1.137808385856461294e-15,7.974397082142800727e-18,6.825885686413910856e-16,9.593168120254201044e-17,3.886698227598515663e-16
1.412825651302604957e-01,2.394767117557043111e-17,1.417872919483861493e-15,1.988154073590813222e-17,8.397931324589161367e-16,1.218504077920506038e-16,4.538987089267645748e-16
1.472945891783568051e-01,5.531575761036632866e-17,1.757397061716225725e-15,3.941230998150802720e-17,1.027170988183884329e-15,1.537109242887890334e-16,5.272770953941573010e-16
1.533066132264528925e-01,1.018167973308763379e-16,2.166308480510134821e-15,6.803942386270891838e-17,1.248991973928107681e-15,1.916714320320919907e-16,6.091858346513392622e-16
1.593186372745489798e-01,1.682938443119193464e-16,2.655298735180119237e-15,1.085918308477667477e-16,1.509752945701447220e-15,2.364347301152619602e-16,7.000545579646556135e-16
1.653306613226452892e-01,2.605322927337169018e-16,3.235982923100577205e-15,1.645416220465041898e-16,1.814188120764263773e-15,2.887043035261842870e-16,8.002478655402199617e-16
1.713426853707413766e-01,3.852167394669469364e-16,3.933926436084219361e-15,2.399292898494188436e-16,2.173953481155519429e-15,3.491527537719625392e-16,9.112173818086161931e-16
1.773547094188376860e-01,5.560870730678134654e-16,4.751750031475404133e-15,3.428052666872462800e-16,2.588465148385929962e-15,4.192068233459239893e-16,1.031863002944412304e-15
1.833667334669337734e-01,7.780531770340931398e-16,5.701481087470598274e-15,4.757517038740207462e-16,3.061744855572147644e-15,4.984909394229838145e-16,1.161935462427335785e-15
1.893787575150300828e-01,1.059743031518586022e-15,6.796278820091194965e-15,6.443917107087675544e-16,3.598504315057543864e-15,5.875372721471442683e-16,1.301456445215927105e-15
1.953907815631261702e-01,1.410825861097477537e-15,8.048429747628817985e-15,8.545125349891650866e-16,4.202692758611160636e-15,6.866096623142990763e-16,1.450112129347567679e-15
2.014028056112224796e-01,1.840887816409497440e-15,9.469084603241532397e-15,1.111940095475407875e-15,4.877634232381030276e-15,7.958010329747014331e-16,1.607423744078013406e-15
2.074148296593185670e-01,2.368268454961061438e-15,1.108015060258975767e-14,1.427674042405742014e-15,5.631806280410290677e-15,9.156613619078038187e-16,1.773235852999651436e-15
2.134268537074148764e-01,2.998784294101205218e-15,1.287458891835907014e-14,1.804890329503798176e-15,6.459296542817464541e-15,1.045512914551480087e-15,1.945874022962128000e-15
2.194388777555109638e-01,3.736469914957454923e-15,1.485319842488284975e-14,2.245942396484962348e-15,7.358317892699685159e-15,1.184447661884251440e-15,2.124213028765434365e-15
2.254509018036072732e-01,4.581101199978832507e-15,1.701389762226256693e-14,2.751008273916720450e-15,8.325851529542348569e-15,1.331258550319491355e-15,2.307012165939096305e-15
2.314629258517033605e-01,5.533078376625693889e-15,1.934987339482470799e-14,3.320143936076559295e-15,9.356688280287025963e-15,1.484748658652994328e-15,2.492860045711710343e-15
2.374749498997996700e-01,6.597084027123538190e-15,2.184916181451210836e-14,3.955590600607381817e-15,1.044317027668729814e-14,1.643647717833996422e-15,2.680182555852740132e-15
2.434869739478957573e-01,7.760342354820802916e-15,2.449673393562835459e-14,4.649232278915247229e-15,1.157541207398982230e-14,1.805996457082043356e-15,2.867164159857651501e-15
2.494989979959920667e-01,9.009902487633356816e-15,2.726633298482543782e-14,5.392565027161894698e-15,1.273943535453800779e-14,1.969847394864987961e-15,3.051927892109262855e-15
2.555110220440881541e-01,1.033290832591239456e-14,3.013171988503584158e-14,6.176657182206241395e-15,1.392105987892622213e-14,2.133184161554842601e-15,3.232672022584404330e-15
2.615230460921842415e-01,1.171414635030706047e-14,3.306361254667897250e-14,6.990765268511162166e-15,1.510460160304770243e-14,2.293872623817585716e-15,3.407551936255515882e-15
2.675350701402805509e-01,1.313866460009968239e-14,3.603050186451356559e-14,7.823274691844145934e-15,1.627334676502864102e-14,2.449652547233016152e-15,3.574725996783177814e-15
2.735470941883766383e-01,1.458602711406652887e-14,3.900006435821264207e-14,8.659699178614474714e-15,1.741029213529713901e-14,2.598403820866905558e-15,3.732407052128615702e-15
2.795591182364729477e-01,1.603821403688439071e-14,4.193998531721456232e-14,9.486672276878490385e-15,1.849836530202015694e-14,2.738099400625612620e-15,3.879410822076878589e-15
2.855711422845690350e-01,1.748042197776689709e-14,4.482041175097745092e-14,1.029212377909975726e-14,1.952324494565859511e-14,2.866788656847864499e-15,4.014229071988439797e-15
2.915831663326653445e-01,1.889952443620185314e-14,4.761589116242623769e-14,1.106381707967489910e-14,2.047243079506757885e-14,2.982198046053340112e-15,4.135511401562479210e-15
2.975951903807614318e-01,2.028451652940154403e-14,5.030534914370198245e-14,1.179200461588145491e-14,2.133593405539050314e-14,3.083141175364007270e-15,4.242175790841073840e-15
3.036072144288577412e-01,2.163126198068777471e-14,5.287313936781900237e-14,1.247203761815396318e-14,2.210673418221978303e-14,3.168869597337116622e-15,4.333398032074490527e-15
3.096192384769538286e-01,2.294085787197093090e-14,5.530929759553891594e-14,1.310186305410708095e-14,2.278097658561906518e-14,3.238373897192098409e-15,4.408640851581265798e-15
3.156312625250501380e-01,2.421762212296197280e-14,5.760749700321699642e-14,1.368159116251033892e-14,2.335762769432883999e-14,3.291061715477228074e-15,4.468792063835041187e-15
3.216432865731462254e-01,2.546914387112077771e-14,5.977005229507282585e-14,1.421373392645481019e-14,2.383880531913679663e-14,3.326640066380639846e-15,4.512984953520848840e-15
3.276553106212425348e-01,2.670556926822970613e-14,6.180319748013996067e-14,1.470337366979025753e-14,2.422868163406704536e-14,3.345664784163143558e-15,4.541116269899730850e-15
3.336673346693386222e-01,2.793939622176297816e-14,6.371640785437010038e-14,1.515721769998347910e-14,2.453312246424022845e-14,3.348577353296648299e-15,4.556892062319747454e-15
3.396793587174349316e-01,2.918416439684909046e-14,6.552228678954821124e-14,1.558167693151096619e-14,2.475987297973800431e-14,3.335273793259385874e-15,4.557055857724881658e-15
3.456913827655310190e-01,3.045265790837573706e-14,6.723397815923997780e-14,1.598366736496827214e-14,2.491610432756989380e-14,3.306430122608543263e-15,4.540570661884764836e-15
3.517034068136273284e-01,3.175667914399304676e-14,6.886497142059583673e-14,1.636970796479730878e-14,2.500903470498488698e-14,3.262922303962050896e-15,4.509765690194308176e-15
3.577154308617234157e-01,3.310681287693881888e-14,7.043147356345358488e-14,1.674559108406736665e-14,2.504641966111467831e-14,3.206121007477521741e-15,4.465174676533502888e-15
3.637274549098197252e-01,3.451201249435043382e-14,7.194801847759355993e-14,1.711626924534589903e-14,2.503592766126576615e-14,3.137320313511689075e-15,4.408006707267951648e-15
3.697394789579158125e-01,3.597863670643688827e-14,7.342711928823018938e-14,1.748330846439939442e-14,2.498486622110791959e-14,3.054492700191974002e-15,4.339751675836867882e-15
3.757515030060118999e-01,3.751057011793627758e-14,7.487958382392541715e-14,1.784866786138961731e-14,2.490002376985058381e-14,2.959644125304406193e-15,4.262017395873360783e-15
3.817635270541082093e-01,3.910842392249262677e-14,7.631419148941588301e-14,1.821206088816406685e-14,2.478805055660812377e-14,2.858265313564527811e-15,4.177555325079000514e-15
3.877755511022042967e-01,4.077104900382129893e-14,7.773740526680684293e-14,1.857180746977287866e-14,2.465647402456776314e-14,2.751756420077280190e-15,4.088935246799801740e-15
3.937875751503006061e-01,4.249565819055228733e-14,7.915345661936830067e-14,1.892516364575028263e-14,2.451304918433915896e-14,2.641326869750441525e-15,3.995819864743390982e-15
3.997995991983966935e-01,4.427811593792713552e-14,8.056453596079543383e-14,1.926746919335996294e-14,2.436764287006142186e-14,2.527783662188639320e-15,3.898763260602317858e-15
4.058116232464930029e-01,4.611310474274192723e-14,8.197025439990573577e-14,1.959397527929347310e-14,2.423267057681002328e-14,2.412203281786828554e-15,3.798324149934874604e-15
4.118236472945890903e-01,4.799391169327063645e-14,8.336797807141464396e-14,1.989923969781408886e-14,2.412393202928789797e-14,2.295551710667252165e-15,3.694997166311165717e-15
4.178356713426853997e-01,4.991217846190642546e-14,8.475293509138504281e-14,2.017721389009422198e-14,2.405883073849907179e-14,2.178709275397173705e-15,3.589223383307171310e-15
4.238476953907814870e-01,5.185799685084165654e-14,8.611868013800861623e-14,2.042140288827802507e-14,2.405270403402795830e-14,2.062434930014872166e-15,3.481400793226123571e-15
4.298597194388777964e-01,5.381935269169353239e-14,8.745738463550037956e-14,2.062254837475970124e-14,2.410149323460973759e-14,1.947387111712247843e-15,3.371860981118271223e-15
4.358717434869738838e-01,5.578225025030604680e-14,8.876013160082563467e-14,2.077049243370257620e-14,2.415460548795496870e-14,1.834188285044547216e-15,3.260929787783953201e-15
4.418837675350701932e-01,5.773086396855073430e-14,9.001839576778243738e-14,2.085348604879534894e-14,2.417884142796239712e-14,1.723368633141974696e-15,3.148945438224099817e-15
4.478957915831662806e-01,5.964655094997676440e-14,9.122149316738177319e-14,2.072082081932591794e-14,2.417040209937093044e-14,1.615365137119459756e-15,3.036190203861624904e-15
4.539078156312625900e-01,6.150867936735043467e-14,9.235877480981940300e-14,2.046910105061527941e-14,2.412610215352255751e-14,1.510507295980224617e-15,2.922973380342574314e-15
4.599198396793586774e-01,6.329656131031866959e-14,9.342559198031833461e-14,2.015243950364444966e-14,2.404676338982025298e-14,1.409144093334915107e-15,2.809535323135171422e-15
4.659318637274549868e-01,6.498889120838775626e-14,9.441338610818882222e-14,1.978274482292831478e-14,2.392831778202332279e-14,1.311505783410942116e-15,2.696126472271029706e-15
4.719438877755510742e-01,6.656406110821042657e-14,9.531196478916123995e-14,1.936924870338846048e-14,2.376734132453657965e-14,1.217761866939245079e-15,2.582990292309602639e-15
4.779559118236473836e-01,6.800116054507070626e-14,9.611366501791299571e-14,1.891918877592838032e-14,2.356232086197575390e-14,1.128026235546738784e-15,2.470362410497406514e-15
4.839679358717434710e-01,6.928538971368149313e-14,9.681139777492269292e-14,1.844186907728872235e-14,2.336866137544110372e-14,1.042376652507346662e-15,2.358479687396028995e-15
4.899799599198395583e-01,7.039660948648480894e-14,9.741371946711235186e-14,1.793776653180696501e-14,2.314892904474063893e-14,9.608677851709471210e-16,2.247578923528130234e-15
4.959919839679358677e-01,7.131979631682896026e-14,9.791410072923170737e-14,1.741083089914256538e-14,2.289736633691859554e-14,8.835026685349914951e-16,2.137913119021270821e-15
5.020040080160321772e-01,7.204257063982417176e-14,9.824196994589632664e-14,1.686471567122007281e-14,2.261029109753087073e-14,8.102537546046805173e-16,2.029736720535550887e-15
5.080160320641282645e-01,7.255585271567190294e-14,9.838458238359873742e-14,1.630294068629810581e-14,2.228551553374710202e-14,7.410713379082045416e-16,1.923290522046816414e-15
5.140280561122243519e-01,7.286985715764378301e-14,9.834077341576544841e-14,1.573214516541440514e-14,2.192331828345452461e-14,6.759754401431900122e-16,1.818811673280609184e-15
5.200400801603204393e-01,7.297266831135497083e-14,9.809681216397373793e-14,1.515205666632105028e-14,2.152486721926512592e-14,6.148205040116526465e-16,1.716541176324270335e-15
5.260521042084169707e-01,7.260563104579912184e-14,9.765057955925226925e-14,1.456566335747411422e-14,2.108977242282979069e-14,5.575190956915357832e-16,1.616841797385324997e-15
5.320641282565130581e-01,7.197107671507468401e-14,9.701860569658609532e-14,1.397613437946650853e-14,2.062345462777041031e-14,5.039693204434225674e-16,1.519893725643185563e-15
5.380761523046091455e-01,7.115306855449866844e-14,9.618967510937676992e-14,1.338631142697737070e-14,2.012749407987101657e-14,4.539930465886646436e-16,1.425990675464725849e-15
5.440881763527052328e-01,7.019635438582341858e-14,9.516078845205101643e-14,1.280037327779897116e-14,1.960546305954964002e-14,4.076752833438230251e-16,1.335168146950690019e-15
5.501002004008017643e-01,6.910521693005105169e-14,9.394082761707243079e-14,1.221907034423494367e-14,1.906064633176424805e-14,3.648068047239052790e-16,1.247602746611290305e-15
5.561122244488978517e-01,6.789439892258164353e-14,9.260866072465565258e-14,1.164430800018711036e-14,1.849631015024864281e-14,3.252299384927661382e-16,1.163424343709376115e-15
5.621242484969939390e-01,6.658108204229681546e-14,9.114599789409675778e-14,1.107791769213228588e-14,1.791563930665488137e-14,2.888205251035601623e-16,1.082751246233798241e-15
5.681362725450900264e-01,6.518186787567609979e-14,8.955973213571240840e-14,1.052139858292948664e-14,1.732172172390793316e-14,2.554338559260640187e-16,1.005730578728158581e-15
5.741482965931865579e-01,6.372463166121938447e-14,8.785835039783998309e-14,9.975832644058061177e-15,1.671748800245829073e-14,2.250800749681484466e-16,9.323965017388452342e-16
5.801603206412826452e-01,6.221185221130978694e-14,8.611929520868687697e-14,9.441838688355104164e-15,1.610598275917560343e-14,1.974968845425062054e-16,8.627334602765271903e-16
5.861723446893787326e-01,6.065222162841621166e-14,8.429470976119670581e-14,8.920123813667497559e-15,1.549017197129925180e-14,1.724855125907993572e-16,7.967464233260448823e-16
5.921843687374748200e-01,5.905672147091977537e-14,8.239471665782894997e-14,8.411189626792528813e-15,1.487291614400965002e-14,1.498946764698119026e-16,7.344120486561666343e-16
5.981963927855709073e-01,5.743514518963165023e-14,8.043000782922731820e-14,7.915417442926225108e-15,1.425695227834010122e-14,1.295671044668335974e-16,6.756788021068744072e-16
6.042084168336674388e-01,5.580082244053509673e-14,7.840846224619032688e-14,7.433054267194847282e-15,1.364514993855511889e-14,1.114883453683772517e-16,6.207169775571706318e-16
6.102204408817635262e-01,5.415532637148464906e-14,7.634532071476219800e-14,6.964679479263175019e-15,1.304019749639089630e-14,9.542162901564605813e-17,5.692650916755324526e-16
6.162324649298596135e-01,5.250229027931638080e-14,7.425087372083856508e-14,6.510787098823290075e-15,1.244449612099814105e-14,8.114943488757694296e-17,5.211605708491213666e-16
6.222444889779557009e-01,5.084700082361692049e-14,7.213705032728478035e-14,6.071862422932739095e-15,1.186013367542255949e-14,6.852314303921949023e-17,4.762802845923005801e-16
6.282565130260522324e-01,4.919392033497589715e-14,7.001497614352894709e-14,5.648470984045344867e-15,1.128906272951699464e-14,5.740542718283377925e-17,4.345065865078599512e-16
6.342685370741483197e-01,4.754668320458542831e-14,6.789484670432689873e-14,5.241756917888198022e-15,1.073349192886249063e-14,4.776490807143961326e-17,3.958301222061406772e-16
6.402805611222444071e-01,4.590739910992447113e-14,6.578518983949282988e-14,4.852490821784402519e-15,1.019460092207467289e-14,3.942629700868708210e-17,3.600696265638272779e-16
6.462925851703404945e-01,4.427906992306448352e-14,6.369375373385295657e-14,4.481017823824377146e-15,9.673531732500348000e-15,3.219968790895887203e-17,3.270504708055697913e-16
6.523046092184370259e-01,4.266439369738206014e-14,6.162824426389373751e-14,4.127851957930754593e-15,9.171091764294854762e-15,2.597337067229332360e-17,2.965727643073965930e-16
6.583166332665331133e-01,4.106567441627443217e-14,5.959463187946190286e-14,3.793395846821773710e-15,8.687945240055107817e-15,2.064366696790024800e-17,2.685021796328834880e-16
6.643286573146292007e-01,3.948351992803921513e-14,5.759765428057687965e-14,3.478740089886713051e-15,8.224487380686807680e-15,1.616517341148312646e-17,2.427005063450663051e-16
6.703406813627252880e-01,3.791995841032074184e-14,5.564098583484728923e-14,3.183983176591728766e-15,7.780941723545948961e-15,1.242782433420675428e-17,2.190389745757449280e-16
6.763527054108218195e-01,3.637777861350455509e-14,5.372711090501146423e-14,2.908257776846519907e-15,7.357779867843824082e-15,9.300505181858107249e-18,1.974452961844857354e-16
6.823647294589179069e-01,3.485813805186946941e-14,5.186072231450145204e-14,2.651228289987168589e-15,6.956007069610967462e-15,6.706474610811585474e-18,1.778406487605240978e-16
6.883767535070139942e-01,3.336193964172547899e-14,5.004205009208607234e-14,2.412408214175449463e-15,6.573618396310846228e-15,4.574378330824688007e-18,1.599676199814203276e-16
6.943887775551100816e-01,3.188958824989058843e-14,4.827192998063060461e-14,2.191916622700675313e-15,6.210107408621548322e-15,2.868382037710394338e-18,1.437015430268154049e-16
7.004008016032061690e-01,3.044262376118952825e-14,4.655091611247302394e-14,1.989171001752620709e-15,5.864893421390252870e-15,1.528926292341590916e-18,1.289229966414092735e-16
7.064128256513027004e-01,2.902290534925026161e-14,4.487937509986827528e-14,1.802355974198245853e-15,5.537377345157977035e-15,4.735879094031923129e-19,1.155243870725200970e-16
7.124248496993987878e-01,2.763152339807115459e-14,4.325744815210943023e-14,1.630528194067376315e-15,5.227223484551973480e-15,-3.436243284544183154e-19,1.034380467693718129e-16
7.184368737474948752e-01,2.626966494604251526e-14,4.168521836525417300e-14,1.472554114225269649e-15,4.933684943314968682e-15,-9.723683572070613952e-19,9.255089183655314532e-17
7.244488977955909625e-01,2.493972405179106112e-14,4.016311497435571940e-14,1.328351646262988870e-15,4.655942340831231466e-15,-1.421886771652238161e-18,8.273602551672570022e-17
7.304609218436874940e-01,2.364498034958126812e-14,3.869149165603404599e-14,1.197348866628222741e-15,4.393598389988893366e-15,-1.716437630640007165e-18,7.392772797305881015e-17
7.364729458917835814e-01,2.238649644604020644e-14,3.727011357069885999e-14,1.077634448216277328e-15,4.145903263914908398e-15,-1.902879332565165818e-18,6.602558273227023688e-17
7.424849699398796687e-01,2.116626570779604399e-14,3.589842169335408724e-14,9.683455560494438083e-16,3.911948935737310609e-15,-2.000456690968922350e-18,5.893294574352901615e-17
7.484969939879757561e-01,1.998627857612513701e-14,3.457632416945678425e-14,8.686694979236501212e-16,3.691392741229510438e-15,-2.028075238275538777e-18,5.260062669980791371e-17
7.545090180360722876e-01,1.884944178700075493e-14,3.330429490531720705e-14,7.781378950084475596e-16,3.483810819503081481e-15,-2.002043428963520918e-18,4.695984213254181758e-17
7.605210420841683749e-01,1.775927290222316763e-14,3.208321692783719000e-14,6.964308354720610768e-16,3.288464581024619636e-15,-1.931612880003654072e-18,4.191917918403591569e-17
7.665330661322644623e-01,1.671413894062386439e-14,3.090845561276171658e-14,6.220765955775166524e-16,3.104036311529856611e-15,-1.834894717772845724e-18,3.740402161044756810e-17
7.725450901803605497e-01,1.571467955420896585e-14,2.977866905855691165e-14,5.544226659023201636e-16,2.929872946182560755e-15,-1.721406553225939651e-18,3.336200295191619937e-17
7.785571142284570811e-01,1.476109334920906163e-14,2.869235023900778501e-14,4.929304010496415886e-16,2.765357729581958199e-15,-1.596913263952916820e-18,2.974593483027882691e-17
7.845691382765531685e-01,1.385401590638191647e-14,2.764838724204406571e-14,4.372153812902394755e-16,2.610123564668554222e-15,-1.467059466341036402e-18,2.652206132360285723e-17
7.905811623246492559e-01,1.299561284204514009e-14,2.664544207426564284e-14,3.872306065600401565e-16,2.463684171306615432e-15,-1.332793660848616512e-18,2.365103180969541837e-17
7.965931863727453432e-01,1.218134713337098285e-14,2.568090957111804892e-14,3.419361065736978329e-16,2.325120069368098148e-15,-1.202392348847225975e-18,2.107755614583980565e-17
8.026052104208418747e-01,1.141001996086608721e-14,2.475301482835591624e-14,3.009771601936107535e-16,2.193943715930648429e-15,-1.078764543145917894e-18,1.876950975875102009e-17
8.086172344689379621e-01,1.068030800174508315e-14,2.386000855906506771e-14,2.640313962918820237e-16,2.069710459619771190e-15,-9.628635580090089615e-19,1.669876068579150130e-17
8.146292585170340494e-01,9.990992624763689405e-15,2.300019728906408969e-14,2.308652498713881705e-16,1.952021829099682694e-15,-8.536096734419405499e-19,1.484081085411368603e-17
8.206412825651301368e-01,9.343109254666427616e-15,2.217249171027742304e-14,2.015009435606086450e-16,1.840697349755122780e-15,-7.517030115243850838e-19,1.317831645982524835e-17
8.266533066132262242e-01,8.731023841563525197e-15,2.137605042935781579e-14,1.752264812820799478e-16,1.735590061179083037e-15,-6.591653307258423646e-19,1.169441159304912793e-17
8.326653306613227556e-01,8.152711104831622865e-15,2.060932192199732228e-14,1.518121340561042668e-16,1.636288297271921696e-15,-5.758524938568907564e-19,1.036491908516713913e-17
8.386773547094188430e-01,7.606237979245971136e-15,1.987119172063085665e-14,1.310290932216206173e-16,1.542495304605898281e-15,-5.009345013855953512e-19,9.170407738535073677e-18
8.446893787575149304e-01,7.089733009173879994e-15,1.915871404437565537e-14,1.126639552461981818e-16,1.453765171488491423e-15,-4.342586802959023842e-19,8.095802791117993699e-18
8.507014028056110178e-01,6.604288960877414552e-15,1.847072453529792957e-14,9.675024747797411520e-17,1.369907891909348476e-15,-3.749150965576531464e-19,7.130628812742095861e-18
8.567134268537075492e-01,6.144902339697295624e-15,1.780664130884634687e-14,8.278924326577888304e-17,1.290850765741200613e-15,-3.227328615791477054e-19,6.267603811606488143e-18
8.627254509018036366e-01,5.709922372890602374e-15,1.716596139511091061e-14,7.058409412183028545e-17,1.216519119375195396e-15,-2.768037166620336800e-19,5.498822413594415839e-18
8.687374749498997240e-01,5.297914652377192193e-15,1.654652880251095975e-14,5.995511692848297831e-17,1.146468754238425693e-15,-2.365646649935899488e-19,4.810761498458233922e-18
8.747494989979958113e-01,4.907543471249747597e-15,1.594738434313099999e-14,5.071553151374162139e-17,1.080497088388011883e-15,-2.015636501817695553e-19,4.196222182746914206e-18
8.807615230460923428e-01,4.539858258456292189e-15,1.536756853057084739e-14,4.283564565460049380e-17,1.018395111577620082e-15,-1.714232204003462095e-19,3.648473945903787023e-18
8.867735470941884302e-01,4.191691506434419513e-15,1.480623474462896788e-14,3.601773962957463819e-17,9.599603368026915909e-16,-1.454847820989692090e-19,3.161610367106846075e-18
8.927855711422845175e-01,3.861769131017650875e-15,1.426278048712687719e-14,3.007828693749735777e-17,9.050225903709127230e-16,-1.233400069208806024e-19,2.731475950928531674e-18
8.987975951903806049e-01,3.549353416611261963e-15,1.373703088439219582e-14,2.489256960170420480e-17,8.534461372448316980e-16,-1.044270464562189195e-19,2.354025088358325591e-18
9.048096192384771363e-01,3.254039547961884372e-15,1.322732530275863985e-14,2.037711173479252208e-17,8.048446731146018524e-16,-8.829953577748416049e-20,2.021672030594622820e-18
9.108216432865732237e-01,2.977189685710137147e-15,1.273357610022212079e-14,1.651204861394961871e-17,7.590638365244806533e-16,-7.440583640185357213e-20,1.730966050099407766e-18
9.168336673346693111e-01,2.716801021065577635e-15,1.225537421672138307e-14,1.313782430032055933e-17,7.159010468885977591e-16,-6.252257251282690929e-20,1.477036018984240120e-18
9.228456913827653985e-01,2.472108138370321632e-15,1.179140332077897259e-14,1.017057813811542395e-17,6.750813370478920536e-16,-5.245302552588205132e-20,1.255702714908648910e-18
9.288577154308614858e-01,2.242738237040600300e-15,1.134178931593812223e-14,7.552005668487858773e-18,6.365541662802048913e-16,-4.399573432397423573e-20,1.065593674413528315e-18
9.348697394789580173e-01,2.028337100278121462e-15,1.090640593149751320e-14,5.231414090960084934e-18,6.001488556062496723e-16,-3.695442780639167251e-20,9.024347698207863045e-19
9.408817635270541047e-01,1.829896016690179397e-15,1.048395292124580993e-14,3.209941460019466903e-18,5.655742429722752106e-16,-3.093918823528575778e-20,7.614503995923281220e-19
9.468937875751501920e-01,1.645904761238489645e-15,1.007412706913297561e-14,1.422134686442006024e-18,5.327155306186962348e-16,-2.578732453609534431e-20,6.402866739058842727e-19
9.529058116232462794e-01,1.475432063074083681e-15,9.676693200318045132e-15,-1.693102625286560982e-19,5.014728810907799787e-16,-2.144732752238348410e-20,5.365643797452128546e-19
9.589178356713428109e-01,1.317988684091444623e-15,9.291442746420418673e-15,-1.583975684554750479e-18,4.717572186447329275e-16,-1.779815376969743900e-20,4.481133450637734323e-19
9.649298597194388982e-01,1.173044038427987461e-15,8.918389381801282884e-15,-2.837526144177084842e-18,4.435282177253411313e-16,-1.474179707816348352e-20,3.731332136275994773e-19
9.709418837675349856e-01,1.040984241223622889e-15,8.557861351337004397e-15,-3.919942069255058506e-18,4.167955785668222534e-16,-1.217820797973035412e-20,3.103410867804164198e-19
9.769539078156310730e-01,9.205912534499108108e-16,8.208896385433278295e-15,-4.857653176288035893e-18,3.913918377131099848e-16,-9.994597764617659570e-21,2.573162232623773501e-19
9.829659318637276044e-01,8.107696309177919629e-16,7.871339517524436854e-15,-5.668386418742052274e-18,3.672815036196219011e-16,-8.174450168410851376e-21,2.126247543297077424e-19
9.889779559118236918e-01,7.108945284113520455e-16,7.545467282580116728e-15,-6.358533945742027597e-18,3.444561566465339819e-16,-6.683003545820023478e-21,1.751891101955613617e-19
9.949899799599197792e-01,6.203287675845069112e-16,7.231058402607871498e-15,-6.935664869869110016e-18,3.228804851081681578e-16,-5.446836981508933083e-21,1.439029793851169162e-19
1.001002004008015867e+00,5.390036291290952131e-16,6.927643629809799357e-15,-7.392881426524187912e-18,3.025154496332037531e-16,-4.408887742617212955e-21,1.178484018400792520e-19
1.007014028056112398e+00,4.660388196215425916e-16,6.635580576218100963e-15,-7.742185673235767291e-18,2.833951066096265737e-16,-3.538194191733520642e-21,9.645533120662667318e-20
1.013026052104208485e+00,4.003972180638498357e-16,6.353966118513775101e-15,-7.998368804455676864e-18,2.653877813080081120e-16,-2.820733317712358778e-21,7.866417594774061892e-20
1.019038076152304573e+00,3.414937334309904398e-16,6.082571617716587142e-15,-8.166468703717074512e-18,2.484579149167187009e-16,-2.244195098188526074e-21,6.396862288795330144e-20
1.025050100200400660e+00,2.887632225004668026e-16,5.821248812179755895e-15,-8.254791869922704878e-18,2.325821875916727125e-16,-1.781180054806659788e-21,5.194863432369231461e-20
1.031062124248496747e+00,2.419734631287004805e-16,5.569693775500930716e-15,-8.264575192211962094e-18,2.177001478842730209e-16,-1.415474421737275898e-21,4.202077471221099503e-20
1.037074148296593279e+00,2.005559000972332179e-16,5.327758165711916945e-15,-8.204413365220678039e-18,2.037726081342091175e-16,-1.126052891140563671e-21,3.393186315891493243e-20
1.043086172344689366e+00,1.637006514115397400e-16,5.095744470128610588e-15,-8.089199960945858610e-18,1.908110932148351237e-16,-8.856767911507145005e-22,2.743685346664552774e-20
1.049098196392785454e+00,1.309550362137238056e-16,4.872650894172352226e-15,-7.926847993968262954e-18,1.786792844372883901e-16,-6.860011439376100511e-22,2.208375293480335387e-20
1.055110220440881541e+00,1.019071900096448367e-16,4.658188155536076349e-15,-7.725213942799956556e-18,1.673235046812482136e-16,-5.283578904015971731e-22,1.772628942789367452e-20
1.061122244488978072e+00,7.635102536295446961e-17,4.452051309978514580e-15,-7.488416006832351307e-18,1.566900314366945161e-16,-4.093868193049445873e-22,1.419799899933195525e-20
1.067134268537074160e+00,5.399080549675218927e-17,4.254274849582614797e-15,-7.225208158738683399e-18,1.467400117029729958e-16,-3.172686260350186910e-22,1.132749242900813370e-20
1.073146292585170247e+00,3.414568370738727299e-17,4.064412533998896510e-15,-6.950714833107793327e-18,1.374202873450890865e-16,-2.441887531194728348e-22,8.994901871166347761e-21
1.079158316633266335e+00,1.661972939576598560e-17,3.882570010443615433e-15,-6.667872415979090695e-18,1.287207806585124941e-16,-1.855777245810128858e-22,7.144508191435288057e-21
1.085170340681362866e+00,1.174932957403322141e-18,3.707743262215922096e-15,-6.380727533191183851e-18,1.205344865509379014e-16,-1.383392653163319358e-22,5.670427992406860241e-21
1.091182364729458953e+00,-1.229485696345937292e-17,3.539646084985871259e-15,-6.091779771259467513e-18,1.128227749315741267e-16,-9.899082094160013412e-23,4.490852845493388302e-21
1.097194388777555041e+00,-2.387841810954887169e-17,3.378008617541948164e-15,-5.803881227589389876e-18,1.055512111378615248e-16,-7.193513347056353991e-23,3.538753080457072781e-21
1.103206412825651128e+00,-3.398174634456676498e-17,3.222577933014972712e-15,-5.522724500958663476e-18,9.868906646915629812e-17,-5.348375216608603062e-23,2.777447278776397607e-21
1.109218436873747660e+00,-4.273715053411395515e-17,3.073180044654020167e-15,-5.249969498972355417e-18,9.221250228422154943e-17,-4.026930310025289373e-23,2.173395142639950308e-21
1.115230460921843747e+00,-5.026749142775401244e-17,2.930151974684393451e-15,-4.987202256849961186e-18,8.613283762684577745e-17,-3.021536677306690806e-23,1.713501940030811741e-21
1.121242484969939834e+00,-5.663685472192795439e-17,2.792623934081209058e-15,-4.734635741345310036e-18,8.039268714463758300e-17,-2.254387260229888787e-23,1.346919313463697514e-21
1.127254509018035922e+00,-6.185117510564681098e-17,2.660382080085978416e-15,-4.491169785535764973e-18,7.497644522639804999e-17,-1.640030739927675272e-23,1.055917073064647144e-21
1.133266533066132453e+00,-6.615134436530643244e-17,2.533194254592719470e-15,-4.257939396400660952e-18,6.986673858172304868e-17,-1.157816432852497603e-23,8.230263860823315911e-22
1.139278557114228541e+00,-6.961385146279696262e-17,2.410876763177300622e-15,-4.035296633959277347e-18,6.505228064147273511e-17,-8.259819493514697812e-24,6.380052670248694160e-22
1.145290581162324628e+00,-7.229914994994546074e-17,2.293475400461680831e-15,-3.822584889964395789e-18,6.053073038294749615e-17,-5.309233729136041823e-24,4.935915109015716212e-22
1.151302605210420715e+00,-7.424437090365111385e-17,2.181108113970013504e-15,-3.619386086411460013e-18,5.631494087806604330e-17,-3.052840409616462741e-24,3.815877383493616550e-22
1.157314629258516803e+00,-7.543029478501762549e-17,2.072924406219986567e-15,-3.424473776438983568e-18,5.235875310856083341e-17,-2.037554622925025672e-24,2.944432070635276273e-22
1.163326653306613334e+00,-7.600650603200160645e-17,1.968759225987998791e-15,-3.237507983907147260e-18,4.865106826002713740e-17,-1.609231320255488145e-24,2.264114022357824769e-22
1.169338677354709422e+00,-7.600421187417394763e-17,1.868456161141524619e-15,-3.057652471238765790e-18,4.518098431180727096e-17,-1.239807893185977932e-24,1.722522551420749226e-22
1.175350701402805509e+00,-7.546066375560281191e-17,1.771862656064453286e-15,-2.884105110421582314e-18,4.193771017000961657e-17,-9.309699312828239003e-25,1.296315259970865185e-22
1.181362725450901596e+00,-7.441557625520376243e-17,1.678838551441633588e-15,-2.715904256246008993e-18,3.891101542593759648e-17,-7.009970062140006153e-25,9.847495116873414998e-23
1.187374749498998128e+00,-7.286755720162365208e-17,1.589642137512981043e-15,-2.552277335940416596e-18,3.611429385772563735e-17,-5.289538469331243592e-25,7.572513076127561200e-23
1.193386773547094215e+00,-7.092163990001974643e-17,1.503768632974570662e-15,-2.393159733186860876e-18,3.350771943443359915e-17,-4.034920816509554592e-25,5.783562903557124280e-23
1.199398797595190302e+00,-6.862861683473377392e-17,1.421155580506763269e-15,-2.238255630921156983e-18,3.107987748886201276e-17,-2.940971251714843447e-25,4.326889515393819197e-23
1.205410821643286390e+00,-6.605693546766765042e-17,1.341743495556229915e-15,-2.087680516432771106e-18,2.881967484172513806e-17,-1.794963765020267343e-25,3.192525417797347592e-23
1.211422845691382921e+00,-6.327514312637976857e-17,1.265496376177454986e-15,-1.941537292642007915e-18,2.671677552594193880e-17,-1.085812222333747254e-25,2.376792012272359468e-23
1.217434869739479009e+00,-6.032328827913726939e-17,1.192403133874262787e-15,-1.800234840613505744e-18,2.476197991333450392e-17,-8.334097552303209692e-26,1.781097180034125835e-23
1.223446893787575096e+00,-5.729264952233279651e-17,1.122992381085266020e-15,-1.664444064228046749e-18,2.296853668952503486e-17,-6.349673444285890393e-26,1.340287876071102206e-23
1.229458917835671183e+00,-5.424516118844057608e-17,1.056765171650052954e-15,-1.534653971409181831e-18,2.130323217711736366e-17,-4.801838198337526744e-26,9.911939931887082474e-24
1.235470941883767715e+00,-5.123552118922860934e-17,9.936677816818363017e-16,-1.411407784407283233e-18,1.975678554079183992e-17,-3.604126202820988226e-26,7.156880221335528229e-24
1.241482965931863802e+00,-4.831158610470641565e-17,9.336848768946596242e-16,-1.295268392216234621e-18,1.832235305370990007e-17,-2.684730437164336301e-26,5.090510068503191932e-24
1.247494989979959890e+00,-4.550621366164323027e-17,8.767892626840607036e-16,-1.186637161811237808e-18,1.699293652815105281e-17,-1.985625700896913187e-26,3.639542935560387432e-24
1.253507014028055977e+00,-4.287319870874749065e-17,8.229274095357007442e-16,-1.086055153139329172e-18,1.576144268977387829e-17,-1.300529068914762298e-26,2.641175376406020573e-24
1.259519038076152064e+00,-4.040454519507122158e-17,7.723932146296863338e-16,-9.931001909958824970e-19,1.463161617466711327e-17,-8.520501354082837533e-27,1.910306464828976546e-24
1.265531062124248596e+00,-3.810319156077491909e-17,7.247610485611063448e-16,-9.075619264016257845e-19,1.358511278924617494e-17,-6.196594277934854851e-27,1.361432765027846245e-24
1.271543086172344683e+00,-3.596368388485365068e-17,6.799101310008380998e-16,-8.291536357846664027e-19,1.261524318967071420e-17,-4.528546266594865049e-27,9.604978980299587553e-25
1.277555110220440771e+00,-3.396914882125861239e-17,6.377197191034035602e-16,-7.575109209604970607e-19,1.171576831536482451e-17,-3.280804661666378505e-27,6.476850094762364209e-25
1.283567134268536858e+00,-3.211065635339367991e-17,5.980533713564069918e-16,-6.921169504239523843e-19,1.088070616137197480e-17,-2.356185966658072984e-27,3.602827886311193881e-25
1.289579158316633389e+00,-3.037109516565823964e-17,5.607663954627949107e-16,-6.324103173331767330e-19,1.010420958227347130e-17,-1.677404714279898937e-27,1.982237094452769962e-25
1.295591182364729477e+00,-2.873176652847581571e-17,5.259258790553016946e-16,-5.778207312163547927e-19,9.386248512137018297e-18,-1.183740330812282661e-27,9.301998749849535580e-26
1.301603206412825564e+00,-2.717536334042508339e-17,4.932425893787450493e-16,-5.277664392830154564e-19,8.717266714274875714e-18,-8.280494466332110146e-28,4.508898883017618177e-26
1.307615230460921651e+00,-2.568499329115605276e-17,4.624544018595390628e-16,-4.817302360349373076e-19,8.091469094630484776e-18,-4.501308390807570788e-28,2.684902592137612376e-26
1.313627254509018183e+00,-2.425110821099483394e-17,4.334153345195869154e-16,-4.391889202715423077e-19,7.505168928941799787e-18,-1.152286588834054444e-28,1.992465067039375189e-26
1.319639278557114270e+00,-2.286314829658961318e-17,4.060106131832801095e-16,-3.997341370931706346e-19,6.955775906472414345e-18,-3.238974161577385096e-66,1.461144394551020715e-26
1.325651302605210358e+00,-2.151650207087001269e-17,3.801249417151451272e-16,-3.630941088629742670e-19,6.440221266338507900e-18,-2.962037179885663507e-66,1.058390474160282539e-26
1.331663326653306445e+00,-2.020945592208442421e-17,3.558142972128827560e-16,-3.290255900864265500e-19,5.960236159836570929e-18,-2.689095105043875545e-66,7.724284692783309375e-27
1.337675350701402976e+00,-1.894032387068009806e-17,3.328525852653540760e-16,-2.973291870106266440e-19,5.510352243055924939e-18,-2.424229846463606370e-66,5.580826504897543662e-27
1.343687374749499064e+00,-1.771061741707088822e-17,3.111529370425544518e-16,-2.678685101682709914e-19,5.088545878909899777e-18,-2.179026502244440509e-66,3.980631798313567757e-27
1.349699398797595151e+00,-1.652290115878286402e-17,2.906560882949607604e-16,-2.405382264970593310e-19,4.693584500602570388e-18,-1.960192482202051616e-66,2.802311166689921518e-27
1.355711422845691239e+00,-1.538023976089419170e-17,2.713092653599945531e-16,-2.152641911132749920e-19,4.324312107984619089e-18,-1.754209161946901208e-66,1.946753662509369901e-27
1.361723446893787326e+00,-1.428544694702144172e-17,2.530673259595872440e-16,-1.920056603822358086e-19,3.979485238665451772e-18,-1.552419490457917947e-66,1.327135542901892007e-27
1.367735470941883857e+00,-1.323988604239555811e-17,2.360093894876781057e-16,-1.707052910978870584e-19,3.661185380907049230e-18,-1.362102002725832686e-66,6.677942166997148314e-28
1.373747494989979945e+00,-1.224598055075175042e-17,2.199687268663415222e-16,-1.512922697847438761e-19,3.365122007060464527e-18,-1.187638770330987535e-66,1.709068070299177046e-28
1.379759519038076032e+00,-1.130729019155627731e-17,2.049166602796411770e-16,-1.337219801800425180e-19,3.090017273308254169e-18,-1.028760851883634248e-66,1.334690400685235079e-39
1.385771543086172120e+00,-1.042236030098734115e-17,1.907657324772447854e-16,-1.179079381303733283e-19,2.834026604038429243e-18,-8.851056880339044639e-67,1.176869635047087932e-39
1.391783567134268651e+00,-9.593806345529213827e-18,1.774687517877492775e-16,-1.037609853797926394e-19,2.595867563722294845e-18,-7.561795604687145721e-67,1.028583107987251041e-39
1.397795591182364738e+00,-8.811799568419641798e-18,1.649760230469495072e-16,-9.115642830071695000e-20,2.374422553935591103e-18,-6.413719654198423300e-67,8.910401883917662028e-40
1.403807615230460826e+00,-8.078250722497754446e-18,1.533238449402903218e-16,-7.997694844989694315e-20,2.170607154420092543e-18,-5.406238502632688024e-67,7.650410574056141933e-40
1.409819639278556913e+00,-7.392189563007837713e-18,1.423909062785412754e-16,-7.012052419500382818e-20,1.981455647910846544e-18,-4.520405264066238211e-67,6.510038927832858375e-40
1.415831663326653445e+00,-6.751214344255183578e-18,1.321200126857207714e-16,-6.146239091001597645e-20,1.805565805209804035e-18,-3.746609342317476217e-67,5.495804340681383323e-40
1.421843687374749532e+00,-6.152518648864237000e-18,1.224746329518257291e-16,-5.386724320817552581e-20,1.642118394133512717e-18,-3.081080073814575015e-67,4.601530372088496335e-40
1.427855711422845619e+00,-5.594348438455447782e-18,1.134223881221976614e-16,-4.723247304668966906e-20,1.490423654399298841e-18,-2.515127689030519980e-67,3.819571058109572689e-40
1.433867735470941707e+00,-5.074713797347045070e-18,1.049364687728794118e-16,-4.145575540331693929e-20,1.349908709868212918e-18,-2.037853964370519769e-67,3.143060154066641595e-40
1.439879759519038238e+00,-4.590052064682257299e-18,9.705861052798238246e-17,-3.640995724442814088e-20,1.221592532889687595e-18,-1.627367067123919594e-67,2.563890718982588339e-40
1.445891783567134325e+00,-4.138561884133850261e-18,8.971970944152923480e-17,-3.198686323885543753e-20,1.103718042518366367e-18,-1.284309422448140106e-67,2.073177837076887780e-40
1.451903807615230413e+00,-3.717724640525448583e-18,8.288374845350750964e-17,-2.808698444688933601e-20,9.954602486315984355e-19,-1.016136340934881829e-67,1.661667563562276302e-40
1.457915831663326500e+00,-3.325618976067083545e-18,7.654536012899657259e-17,-2.464519441458231077e-20,8.965226130244119291e-19,-7.986935528356485189e-68,1.320084029428113913e-40
1.463927855711423032e+00,-2.961755502824564298e-18,7.066881918408036504e-17,-2.160293655183232595e-20,8.063199532631751756e-19,-6.223830184599312663e-68,1.039411180286049847e-40
1.469939879759519119e+00,-2.625370165239817169e-18,6.523401871030872797e-17,-1.890562012893356092e-20,7.244118004071328571e-19,-4.808137311057618373e-68,8.111095195716267535e-41
1.475951903807615206e+00,-2.315401154425246364e-18,6.027522090294149560e-17,-1.650591208972804068e-20,6.514902229253587929e-19,-3.682387380848267229e-68,6.272713641554304472e-41
1.481963927855711294e+00,-2.030337922925804945e-18,5.572547516910801025e-17,-1.436419761418494747e-20,5.861078275109563931e-19,-2.795807153813870330e-68,4.807204570212769264e-41
1.487975951903807381e+00,-1.769586177524581053e-18,5.153922772592628622e-17,-1.245016888337411282e-20,5.273091935116793113e-19,-2.101578882479389262e-68,3.650633323102820273e-41
1.493987975951903913e+00,-1.532505457983623197e-18,4.768860028129617912e-17,-1.073980432977200507e-20,4.745780773555863651e-19,-1.564049638050965881e-68,2.747006550227927668e-41
1.500000000000000000e+00,-1.317882055846944848e-18,4.414639106351737071e-17,-9.208876708424473485e-21,4.274369850942118246e-19,-1.155451805412730796e-68,2.048069576034626766e-41
